Unnamed: 0,secs,nanos,SRC01-DI-DCCT1:getDcctCurrent,SR-DI:getBeamLifetime,SR-DI:getBeamEnergy,SRC16-DI-PNHL:getVsize,SR-DI:getXOrbitRMS,SR-DI:getYOrbitRMS,SR-DI:getXOrbitMean,SR-DI:getYOrbitMean,LLE1:FWD1:MAG,LLE1:FWD2:MAG,LLE2:FWD1:MAG,LLE2:FWD2:MAG,LLE1:REV1:MAG,LLE1:REV2:MAG,LLE2:REV1:MAG,LLE2:REV2:MAG,SR-RF-MBF-X:getTune,SR-RF-MBF-Y:getTune,SRC16-CO-PNHL-THC1:getTemp,SR-CO-TCB01:getTC3,LLE1:TUNER:C1:LOOP:ERROR,LLE1:TUNER:C2:LOOP:ERROR,LLE2:TUNER:C1:LOOP:ERROR,LLE2:TUNER:C2:LOOP:ERROR,SR-DI:getCoupling,SRC01-VA-IMG1:getPressure,SRC01-VA-IMG2:getPressure,SRC02-VA-IMG1:getPressure,SRC03-VA-IMG1:getPressure,SRC03-VA-IMG2:getPressure,SRC03-VA-IMG3:getPressure,SRC03-VA-IMG4:getPressure,SRC03-VA-IMG5:getPressure,SRC04-VA-IMG1:getPressure,SRC05-VA-IMG1:getPressure,SRC05-VA-IMG2:getPressure,SRC06-VA-IMG1:getPressure,SRC07-VA-IMG1:getPressure,SRC07-VA-IMG2:getPressure,SRC08-VA-IMG1:getPressure,SRC09-VA-IMG1:getPressure,SRC09-VA-IMG2:getPressure,SRC10-VA-IMG1:getPressure,SRC10-VA-IMG2:getPressure,SRC11-VA-IMG1:getPressure,SRC11-VA-IMG2:getPressure,SRC12-VA-IMG1:getPressure,SRC13-VA-IMG1:getPressure,SRC13-VA-IMG2:getPressure,SRC14-VA-IMG-SRM:getPressure,SRC14-VA-IMG1:getPressure,SRC15-VA-IMG1:getPressure,SRC15-VA-IMG2:getPressure,SRC16-VA-IMG-PNHL:getPressure,SRC16-VA-IMG1:getPressure,FE08-VA-IMG1:getPressure,I09FE-VA-IMG1:getPressure,I10FE-VA-IMG1:getPressure,I11FE-VA-IMG1:getPressure,I09FE-CO-FXM-THC1:getTemperature,I09FE-CO-FXM-THC2:getTemperature,I09FE-CO-HS-THC1:getTemperature,I09FE-CO-HS-THC2:getTemperature,I09FE-CO-HS-THC3:getTemperature,I09FE-CO-HS-THC4:getTemperature,I09FE-CO-HS-THC5:getTemperature,I09FE-CO-PSH-THC1:getTemperature,I09FE-CO-PSH-THC2:getTemperature,I10FE-CO-FXM-THC:getTemp,I10FE-CO-PSH-THC:getTemp,I11FE-CO-FXM-THC1:getTemp,I11FE-CO-FXM-THC2:getTemp,I11FE-CO-FXM-THC1:upGetTemp,I11FE-CO-FXM-THC2:leftGetTemp,I11FE-CO-PHST-THC:GetTemp,I11FE-CO-PSH-THC:GetTemp,D02C01-OP-MIR1-THC1:getTemperature,D02C01-OP-MIR1-THC2:getTemperature,D02C01-OP-MIR1-THC3:getTemperature,D02C01-OP-MIR1-THC4:getTemperature,D02C01-OP-MIR1-THC5:getTemperature,D02C01-OP-MIR1-THC6:getTemperature,D02C01-OP-MIR1-THC7:getTemperature,D02C01-OP-MIR1-THC8:getTemperature,D02C01-OP-MIR1-THC9:getTemperature,D02C01-OP-MIR1-THC10:getTemperature,SR-DI-LBR1-bpm1:getSlowAcquisitionXScale,SR-DI-LBR1-bpm2:getSlowAcquisitionXScale,SR-DI-LBR1-bpm3:getSlowAcquisitionXScale,SR-DI-LBR1-bpm4:getSlowAcquisitionXScale,SR-DI-LBR2-bpm1:getSlowAcquisitionXScale,SR-DI-LBR2-bpm2:getSlowAcquisitionXScale,SR-DI-LBR2-bpm3:getSlowAcquisitionXScale,SR-DI-LBR2-bpm4:getSlowAcquisitionXScale,SR-DI-LBR3-bpm1:getSlowAcquisitionXScale,SR-DI-LBR3-bpm2:getSlowAcquisitionXScale,SR-DI-LBR3-bpm3:getSlowAcquisitionXScale,SR-DI-LBR3-bpm4:getSlowAcquisitionXScale,SR-DI-LBR4-bpm1:getSlowAcquisitionXScale,SR-DI-LBR4-bpm2:getSlowAcquisitionXScale,SR-DI-LBR4-bpm3:getSlowAcquisitionXScale,SR-DI-LBR4-bpm4:getSlowAcquisitionXScale,SR-DI-LBR5-bpm1:getSlowAcquisitionXScale,SR-DI-LBR5-bpm2:getSlowAcquisitionXScale,SR-DI-LBR5-bpm3:getSlowAcquisitionXScale,SR-DI-LBR5-bpm4:getSlowAcquisitionXScale,SR-DI-LBR6-bpm1:getSlowAcquisitionXScale,SR-DI-LBR6-bpm2:getSlowAcquisitionXScale,SR-DI-LBR6-bpm3:getSlowAcquisitionXScale,SR-DI-LBR6-bpm4:getSlowAcquisitionXScale,SR-DI-LBR7-bpm1:getSlowAcquisitionXScale,SR-DI-LBR7-bpm2:getSlowAcquisitionXScale,SR-DI-LBR7-bpm3:getSlowAcquisitionXScale,SR-DI-LBR7-bpm4:getSlowAcquisitionXScale,SR-DI-LBR8-bpm1:getSlowAcquisitionXScale,SR-DI-LBR8-bpm2:getSlowAcquisitionXScale,SR-DI-LBR8-bpm3:getSlowAcquisitionXScale,SR-DI-LBR8-bpm4:getSlowAcquisitionXScale,SR-DI-LBR9-bpm1:getSlowAcquisitionXScale,SR-DI-LBR9-bpm2:getSlowAcquisitionXScale,SR-DI-LBR9-bpm3:getSlowAcquisitionXScale,SR-DI-LBR9-bpm4:getSlowAcquisitionXScale,SR-DI-LBR10-bpm1:getSlowAcquisitionXScale,SR-DI-LBR10-bpm2:getSlowAcquisitionXScale,SR-DI-LBR10-bpm3:getSlowAcquisitionXScale,SR-DI-LBR10-bpm4:getSlowAcquisitionXScale,SR-DI-LBR11-bpm1:getSlowAcquisitionXScale,SR-DI-LBR11-bpm2:getSlowAcquisitionXScale,SR-DI-LBR11-bpm3:getSlowAcquisitionXScale,SR-DI-LBR11-bpm4:getSlowAcquisitionXScale,SR-DI-LBR12-bpm1:getSlowAcquisitionXScale,SR-DI-LBR12-bpm2:getSlowAcquisitionXScale,SR-DI-LBR12-bpm3:getSlowAcquisitionXScale,SR-DI-LBR12-bpm4:getSlowAcquisitionXScale,SR-DI-LBR1-bpm1:getSlowAcquisitionYScale,SR-DI-LBR1-bpm2:getSlowAcquisitionYScale,SR-DI-LBR1-bpm3:getSlowAcquisitionYScale,SR-DI-LBR1-bpm4:getSlowAcquisitionYScale,SR-DI-LBR2-bpm1:getSlowAcquisitionYScale,SR-DI-LBR2-bpm2:getSlowAcquisitionYScale,SR-DI-LBR2-bpm3:getSlowAcquisitionYScale,SR-DI-LBR2-bpm4:getSlowAcquisitionYScale,SR-DI-LBR3-bpm1:getSlowAcquisitionYScale,SR-DI-LBR3-bpm2:getSlowAcquisitionYScale,SR-DI-LBR3-bpm3:getSlowAcquisitionYScale,SR-DI-LBR3-bpm4:getSlowAcquisitionYScale,SR-DI-LBR4-bpm1:getSlowAcquisitionYScale,SR-DI-LBR4-bpm2:getSlowAcquisitionYScale,SR-DI-LBR4-bpm3:getSlowAcquisitionYScale,SR-DI-LBR4-bpm4:getSlowAcquisitionYScale,SR-DI-LBR5-bpm1:getSlowAcquisitionYScale,SR-DI-LBR5-bpm2:getSlowAcquisitionYScale,SR-DI-LBR5-bpm3:getSlowAcquisitionYScale,SR-DI-LBR5-bpm4:getSlowAcquisitionYScale,SR-DI-LBR6-bpm1:getSlowAcquisitionYScale,SR-DI-LBR6-bpm2:getSlowAcquisitionYScale,SR-DI-LBR6-bpm3:getSlowAcquisitionYScale,SR-DI-LBR6-bpm4:getSlowAcquisitionYScale,SR-DI-LBR7-bpm1:getSlowAcquisitionYScale,SR-DI-LBR7-bpm2:getSlowAcquisitionYScale,SR-DI-LBR7-bpm3:getSlowAcquisitionYScale,SR-DI-LBR7-bpm4:getSlowAcquisitionYScale,SR-DI-LBR8-bpm1:getSlowAcquisitionYScale,SR-DI-LBR8-bpm2:getSlowAcquisitionYScale,SR-DI-LBR8-bpm3:getSlowAcquisitionYScale,SR-DI-LBR8-bpm4:getSlowAcquisitionYScale,SR-DI-LBR9-bpm1:getSlowAcquisitionYScale,SR-DI-LBR9-bpm2:getSlowAcquisitionYScale,SR-DI-LBR9-bpm3:getSlowAcquisitionYScale,SR-DI-LBR9-bpm4:getSlowAcquisitionYScale,SR-DI-LBR10-bpm1:getSlowAcquisitionYScale,SR-DI-LBR10-bpm2:getSlowAcquisitionYScale,SR-DI-LBR10-bpm3:getSlowAcquisitionYScale,SR-DI-LBR10-bpm4:getSlowAcquisitionYScale,SR-DI-LBR11-bpm1:getSlowAcquisitionYScale,SR-DI-LBR11-bpm2:getSlowAcquisitionYScale,SR-DI-LBR11-bpm3:getSlowAcquisitionYScale,SR-DI-LBR11-bpm4:getSlowAcquisitionYScale,SR-DI-LBR12-bpm1:getSlowAcquisitionYScale,SR-DI-LBR12-bpm2:getSlowAcquisitionYScale,SR-DI-LBR12-bpm3:getSlowAcquisitionYScale,SR-DI-LBR12-bpm4:getSlowAcquisitionYScale,SRC01-PS-HC1:getIload,SRC01-PS-HC2:getIload,SRC02-PS-HC1:getIload,SRC02-PS-HC2:getIload,SRC03-PS-HC1:getIload,SRC03-PS-HC2:getIload,SRC04-PS-HC1:getIload,SRC04-PS-HC2:getIload,SRC05-PS-HC1:getIload,SRC05-PS-HC2:getIload,SRC06-PS-HC1:getIload,SRC06-PS-HC2:getIload,SRC07-PS-HC1:getIload,SRC07-PS-HC2:getIload,SRC08-PS-HC1:getIload,SRC08-PS-HC2:getIload,SRC09-PS-HC1:getIload,SRC09-PS-HC2:getIload,SRC10-PS-HC1:getIload,SRC10-PS-HC2:getIload,SRC11-PS-HC1:getIload,SRC11-PS-HC2:getIload,SRC12-PS-HC1:getIload,SRC12-PS-HC2:getIload,SRC13-PS-HC1:getIload,SRC13-PS-HC2:getIload,SRC14-PS-HC1:getIload,SRC14-PS-HC2:getIload,SRC15-PS-HC1:getIload,SRC15-PS-HC2:getIload,SRC16-PS-HC1:getIload,SRC16-PS-HC2:getIload,SRC01-PS-VC1:getIload,SRC01-PS-VC2:getIload,SRC02-PS-VC1:getIload,SRC02-PS-VC2:getIload,SRC03-PS-VC1:getIload,SRC03-PS-VC2:getIload,SRC04-PS-VC1:getIload,SRC04-PS-VC2:getIload,SRC05-PS-VC1:getIload,SRC05-PS-VC2:getIload,SRC06-PS-VC1:getIload,SRC06-PS-VC2:getIload,SRC07-PS-VC1:getIload,SRC07-PS-VC2:getIload,SRC08-PS-VC1:getIload,SRC08-PS-VC2:getIload,SRC09-PS-VC1:getIload,SRC09-PS-VC2:getIload,SRC10-PS-VC1:getIload,SRC10-PS-VC2:getIload,SRC11-PS-VC1:getIload,SRC11-PS-VC2:getIload,SRC12-PS-VC1:getIload,SRC12-PS-VC2:getIload,SRC13-PS-VC1:getIload,SRC13-PS-VC2:getIload,SRC14-PS-VC1:getIload,SRC14-PS-VC2:getIload,SRC15-PS-VC1:getIload,SRC15-PS-VC2:getIload,SRC16-PS-VC1:getIload,SRC16-PS-VC2:getIload,SRC01-PS-SQ1:getIload,SRC03-PS-SQ1:getIload,SRC05-PS-SQ1:getIload,SRC07-PS-SQ1:getIload,SRC09-PS-SQ1:getIload,SRC11-PS-SQ1:getIload,SRC13-PS-SQ1:getIload,SRC15-PS-SQ1:getIload,SR-PS-SF1:getIload,SR-PS-SF2:getIload,SR-PS-SD1:getIload,SR-PS-SD2:getIload,ID09-PS-VL:OutputCurrent,ID09-PS-HL:CurrentRBV,ID09-PS-VS:CurrentRBV,ID09-PS-HS:CurrentRBV,ID09-PS-SQ:CurrentRBV
0.0,1598286272.0,45706065.0,170.9287148,30.31,2.5007598084743794,NATRD,NATRD,NATRD,NATRD,NATRD,58.79654667595345,65.57558767059768,60.25941228686974,63.91587944345514,2.601176728769046,3.891745133517968,2.6371933600536765,4.005078439233794,NATRD,NATRD,NATRD,23.719999313354492,-0.3394685947245648,0.2449343023838786,0.25902248519712145,-0.19618437016197277,NATRD,2.13e-10,1.331e-10,2.237e-10,4.352e-10,4.869e-10,6.434e-10,5.667e-10,5.056e-11,1.371e-10,1.616e-10,1.101e-10,2.172e-10,1.883e-10,8.51e-11,7.952e-11,3.645e-10,6.751e-11,8.963e-11,NATRD,1.79e-09,2.39e-09,1.264e-10,1.372e-10,7.006e-10,NATRD,1.785e-09,7.043e-10,1.727e-10,NATRD,2.434e-10,2.465e-09,5.226e-10,NATRD,NATRD,23.899999618530273,23.799999237060547,24.600000381469727,24.200000762939453,24.299999237060547,23.700000762939453,23.799999237060547,23.200000762939453,23.700000762939453,NATRD,NATRD,NATRD,NATRD,NATRD,NATRD,NATRD,NATRD,85.30000305175781,86.30000305175781,82.5999984741211,76.0999984741211,189.60000610351562,91.5,86.5,83.19999694824219,84.5999984741211,79.69999694824219,0.048024,-0.076016,0.06536,-0.012504,-0.019367,0.0003,0.064417,-0.028492,-0.126285,0.133246,0.011487,-0.051793,0.006136,0.051768,-0.053502,0.032574,-0.0148,-0.001169,0.034043,-0.046823,0.02015,-0.003768,0.171231,-0.146829,-0.010743,0.115851,-0.152834,-0.055875,0.242584,-0.118643,0.012854,0.062182,-0.103532,0.089294,0.051264,-0.064542,0.015959,0.016644,0.001968,-0.015557,0.002279,0.004245,0.037214,-0.080298,0.034679,0.03178,0.031955,-0.033952,0.016196,0.016373,-0.04041,-0.01064,-0.075303,0.081382,0.028527,-0.002676,-0.016559,-0.076934,0.075105,0.036703,-0.278629,0.25095,0.054021,0.002636,-0.015673,-0.090698,-0.112995,0.2134,-0.04174,-0.218242,0.166159,0.088604,-0.040967,0.062845,-0.094795,0.037508,0.037776,-0.00177,-0.143473,-0.171615,0.250219,0.281678,-0.282933,-0.011333,-0.084461,0.114632,0.024837,-0.134758,0.059001,0.085748,0.028216,-0.033279,0.003011,-0.165155,0.109569,0.08315,NATRD,NATRD,NATRD,NATRD,NATRD,NATRD,NATRD,NATRD,NATRD,NATRD,NATRD,NATRD,NATRD,NATRD,NATRD,NATRD,NATRD,NATRD,NATRD,NATRD,NATRD,NATRD,NATRD,NATRD,NATRD,NATRD,NATRD,NATRD,NATRD,NATRD,NATRD,NATRD,NATRD,NATRD,NATRD,NATRD,NATRD,NATRD,NATRD,NATRD,NATRD,NATRD,NATRD,NATRD,NATRD,NATRD,NATRD,NATRD,NATRD,NATRD,NATRD,NATRD,NATRD,NATRD,NATRD,NATRD,NATRD,NATRD,NATRD,NATRD,NATRD,NATRD,NATRD,NATRD,NATRD,NATRD,NATRD,NATRD,NATRD,NATRD,NATRD,NATRD,NATRD,NATRD,NATRD,NATRD,1.02171e-05,0.0001,0.0002,0.0003,0.0002
1.0,1598286273.0,45794933.0,170.92636779999998,30.29,2.500756606348159,,,,,,58.79578538048456,65.63843418299572,60.224697508776295,63.88932990424383,2.6013693801031277,3.8996503992848943,2.6249801369700823,4.0054532019302,,,,23.700000762939453,-0.3391368566934716,0.29708782487562146,0.2126911580781723,-0.19693923597606044,,3.957e-10,8.516e-11,3.425e-10,4.884e-10,4.672e-10,6e-10,6.309e-10,4.315e-11,1.051e-10,1.388e-10,1.294e-10,1.957e-10,1.59e-10,4.349e-11,6.186e-11,3.675e-10,1.649e-10,1.413e-10,,1.777e-09,2.573e-09,1.275e-10,4.474e-10,1.026e-09,,1.771e-09,3.728e-10,3.804e-11,,2.603e-10,,3.245e-10,,,,,,,,,,,,,,,,,,,,,,,76.19999694824219,189.5,,86.5999984741211,,,,0.04814,-0.0758,0.065334,-0.01243,-0.019404,0.000287,0.064405,-0.02828,-0.126299,0.133238,0.011479,-0.051798,0.006099,0.051776,-0.053482,0.032605,-0.014745,-0.001322,0.034101,-0.046791,0.020076,-0.003767,0.171177,-0.146798,-0.010731,0.115835,-0.152845,-0.055911,0.242591,-0.118592,0.012877,0.062233,-0.103526,0.089274,0.051281,-0.064501,0.016039,0.016619,0.001896,-0.015518,0.002357,0.004253,0.037265,-0.080303,0.034688,0.031788,0.032005,-0.033903,0.016251,0.016343,-0.040416,-0.010708,-0.075421,0.081434,0.028586,-0.002735,-0.016575,-0.076948,0.075117,0.036706,-0.278619,0.250979,0.05403,0.002612,-0.015917,-0.090771,-0.112999,0.21335,-0.041735,-0.218126,0.166185,0.088561,-0.040966,0.062816,-0.094804,0.037474,0.037769,-0.001753,-0.143477,-0.171616,0.250144,0.28166,-0.28294,-0.011304,-0.084419,0.114584,0.024822,-0.134815,0.059009,0.085778,0.028215,-0.033314,0.003016,-0.165112,0.109633,0.083138,,,,,,,,,,,,,,,,,,,,,,,,,,,,,,,,,,,,,,,,,,,,,,,,,,,,,,,,,,,,,,,,,,,,,,,,,,,,,1.54902e-05,,,,
2.0,1598286274.0,45908241.0,170.9257666,30.32,2.5007553819938892,,,,,,58.79493813958313,65.63309386909198,60.21615616944548,63.89796574308165,2.6002381696960644,3.9556999988816277,2.6220369945372415,4.006067743219146,,,,23.729999542236328,-0.34202682448290034,0.3489771955999146,0.20152858428943432,-0.19995517109191496,,2.589e-10,6.33e-11,2.283e-10,4.234e-10,5.302e-10,4.926e-10,6.227e-10,7.748e-11,1.361e-10,1.296e-10,1.026e-10,1.805e-10,1.708e-10,5.942e-11,7.644e-11,4.122e-10,1.062e-10,1.052e-10,,2.197e-09,2.944e-09,1.6e-10,2.282e-10,6.791e-10,,2.324e-09,5.562e-10,1.177e-11,,2.499e-10,,4.496e-10,,,,,,,,,,,,,,,,,,,,,,,76.0999984741211,189.60000610351562,,86.5,,,,0.048096,-0.075874,0.065291,-0.012423,-0.019409,0.000262,0.064352,-0.028198,-0.126309,0.133183,0.011387,-0.051772,0.006095,0.051797,-0.053472,0.032614,-0.014681,-0.001491,0.034011,-0.046625,0.020061,-0.00376,0.171183,-0.146799,-0.010719,0.115844,-0.152838,-0.055928,0.242612,-0.118573,0.012903,0.062206,-0.103502,0.089273,0.05137,-0.064515,0.015993,0.016657,0.00194,-0.015602,0.002346,0.004277,0.03726,-0.080285,0.034693,0.031756,0.032009,-0.033894,0.016254,0.016324,-0.040432,-0.010846,-0.075454,0.08149,0.02862,-0.002811,-0.016674,-0.076985,0.075078,0.036633,-0.27858,0.251005,0.054046,0.002577,-0.016097,-0.090785,-0.113043,0.213326,-0.041722,-0.218092,0.166184,0.088552,-0.040987,0.062786,-0.094831,0.037454,0.037793,-0.001736,-0.143467,-0.171635,0.25017,0.281657,-0.282955,-0.011328,-0.084377,0.114659,0.024793,-0.134791,0.058977,0.085774,0.028235,-0.033293,0.003031,-0.165149,0.109657,0.083127,,,,,,,,,,,,,,,,,,,,,,,,,,,,,,,,,,,,,,,,,,,,,,,,,,,,,,,,,,,,,,,,,,,,,,,,,,,,,5.83843e-06,,,,
3.0,1598286275.0,45716574.0,170.9231404,30.26,2.500752556535854,,,,,,58.79557043942439,65.63804787584753,60.22123684910526,63.90244579548235,2.6010310754149444,3.9589305965842274,2.623348036768279,4.008606416768167,,,,23.719999313354492,-0.33851963496465487,0.354204677388001,0.20653568785709808,-0.20808711348001907,,1.763e-10,1.004e-10,2.488e-10,4.661e-10,4.077e-10,5.443e-10,5.619e-10,6.447e-11,1.504e-10,6.338e-11,8.636e-11,2.154e-10,1.852e-10,4.201e-11,3.794e-11,3.65e-10,8.019e-11,1.107e-10,,1.874e-09,2.816e-09,1.339e-10,2.378e-10,6.138e-10,,1.569e-09,5.768e-10,4.138e-11,,,,3.976e-10,,,,,,,,,,,,,,,,,,,,,,,76.19999694824219,189.6999969482422,,,,,,0.047913,-0.076015,0.065274,-0.012497,-0.019382,0.000147,0.064203,-0.028167,-0.126217,0.133253,0.011376,-0.051867,0.006066,0.0518,-0.05344,0.032592,-0.014716,-0.001454,0.033762,-0.046493,0.020091,-0.003745,0.171142,-0.146794,-0.010741,0.11581,-0.152812,-0.055889,0.242603,-0.11861,0.012839,0.062192,-0.103494,0.089232,0.051404,-0.064558,0.016004,0.016597,0.001893,-0.015387,0.002356,0.004254,0.037255,-0.080286,0.034638,0.031744,0.031968,-0.033927,0.016144,0.016306,-0.0405,-0.010877,-0.075498,0.081562,0.028607,-0.002914,-0.016657,-0.076982,0.075018,0.036604,-0.278532,0.250928,0.054052,0.002593,-0.015962,-0.090711,-0.113121,0.21329,-0.041734,-0.218085,0.166191,0.08857,-0.041008,0.062794,-0.094849,0.037456,0.037837,-0.001721,-0.143447,-0.171624,0.250343,0.281683,-0.282855,-0.011434,-0.084452,0.114649,0.024859,-0.134845,0.058998,0.085773,0.028228,-0.033299,0.003014,-0.165165,0.109624,0.083165,,,,,,,,,,,,,,,,,,,,,,,,,,,,,,,,,,,,,,,,,,,,,,,,,,,,,,,,,,,,,,,,,,,,,,,,,,,,,-2.30149e-05,,,,
4.0,1598286276.0,45836825.0,170.920958,30.25,2.5007511437937,,,,,,58.79719973172628,65.6017827411743,60.233923790630094,63.909401706727145,2.6039217540518287,3.919680332185055,2.6279322692253455,4.0105132886046935,,,,23.760000228881836,-0.3325852881131368,0.29050536315881814,0.22362917474109167,-0.20745957405517856,,6.912e-10,5.285e-11,2.61e-10,4.456e-10,5.274e-10,5.805e-10,5.961e-10,6.257e-11,9.322e-11,7.648e-11,1.078e-10,1.713e-10,2.062e-10,4.879e-11,6.249e-11,3.997e-10,1.095e-10,1.441e-10,,2.013e-09,2.863e-09,1.268e-10,6.458e-11,6.567e-10,,2.049e-09,7.329e-10,1.798e-10,,,,6.257e-10,,,,,,,,,,,,,,,,,,,,,,,76.0999984741211,189.8000030517578,,,,,,0.047996,-0.076087,0.065294,-0.012538,-0.019329,-7.1e-05,0.063954,-0.028244,-0.126183,0.133331,0.01148,-0.051896,0.006092,0.051776,-0.053425,0.032553,-0.014778,-0.001258,0.033746,-0.046547,0.020194,-0.003664,0.17124,-0.147009,-0.010787,0.115797,-0.152784,-0.055843,0.242632,-0.118616,0.012801,0.062161,-0.10349,0.089219,0.051482,-0.064518,0.015984,0.016679,0.001923,-0.0156,0.002352,0.004235,0.037221,-0.080288,0.034636,0.03177,0.03201,-0.033918,0.016137,0.016303,-0.040449,-0.010712,-0.075434,0.081604,0.0285,-0.002962,-0.016788,-0.076944,0.075029,0.036666,-0.278501,0.250827,0.053987,0.002661,-0.015628,-0.090661,-0.113081,0.213383,-0.041698,-0.218244,0.166223,0.088583,-0.041007,0.062772,-0.094834,0.037455,0.037844,-0.001724,-0.143445,-0.171614,0.250353,0.281676,-0.282878,-0.01144,-0.084372,0.114639,0.024804,-0.134834,0.059032,0.085747,0.028227,-0.033296,0.003013,-0.165158,0.109586,0.083196,,,,,,,,,,,,,,,,,,,,,,,,,,,,,,,,,,,,,,,,,,,,,,,,,,,,,,,,,,,,,,,,,,,,,,,,,,,,,-3.22513e-05,,,,
5.0,1598286277.0,45845667.0,170.9210628,30.28,2.50075491108665,,,,,,58.79815252053502,65.54583113349734,60.247099015634554,63.90760415759373,2.6065755034222153,3.9037324990733584,2.6327616939424208,4.008934772435439,,,,23.739999771118164,-0.32595460810921395,0.18555584926032154,0.24209363889988822,-0.2043345098844611,,4.046e-10,7.041e-11,2.513e-10,4.007e-10,4.102e-10,5.278e-10,6.266e-10,7.577e-11,1.311e-10,1.159e-10,1.124e-10,1.967e-10,1.92e-10,7.47e-11,5.931e-11,3.372e-10,7.995e-11,1.506e-10,,1.565e-09,2.493e-09,1.394e-10,2.65e-10,8.042e-10,,1.781e-09,7.104e-10,5.624e-11,,,,6.074e-10,,,,,,,,,,,,,,,,,,,,,,,76.19999694824219,189.89999389648438,,,,,,0.04796,-0.076033,0.06527,-0.012525,-0.01931,-0.000108,0.063892,-0.028319,-0.12604,0.133403,0.011427,-0.052049,0.006163,0.051736,-0.053474,0.032615,-0.014771,-0.00129,0.033718,-0.046505,0.020294,-0.003785,0.171221,-0.146887,-0.010824,0.115803,-0.152809,-0.055841,0.242626,-0.118619,0.012788,0.062149,-0.103487,0.089265,0.051349,-0.06446,0.015974,0.01661,0.001929,-0.015719,0.002338,0.004248,0.037236,-0.080308,0.034632,0.031759,0.032013,-0.033917,0.0162,0.016297,-0.040425,-0.010774,-0.075405,0.08161,0.028454,-0.002938,-0.016669,-0.076902,0.075003,0.036624,-0.278543,0.250867,0.053959,0.002673,-0.015666,-0.090676,-0.113119,0.213358,-0.041737,-0.218325,0.166214,0.088699,-0.040991,0.062791,-0.094831,0.037472,0.037829,-0.001768,-0.143443,-0.171607,0.250276,0.281649,-0.282927,-0.011485,-0.084411,0.114667,0.024865,-0.134849,0.059018,0.085755,0.028249,-0.033283,0.002996,-0.165154,0.109565,0.083197,,,,,,,,,,,,,,,,,,,,,,,,,,,,,,,,,,,,,,,,,,,,,,,,,,,,,,,,,,,,,,,,,,,,,,,,,,,,,1.44827e-05,,,,
6.0,1598286278.0,45877125.0,170.91937800000002,30.23,2.500752085622776,,,,,,58.79950464593397,65.49535168997373,60.26000348133041,63.90860944585804,2.607977321682664,3.7973179899645464,2.6375019077164414,4.012074417949317,,,,,-0.3224817639949151,0.0902171937002123,0.2598314711527081,-0.2109792777888515,,3.205e-10,1.378e-10,3.428e-10,4.459e-10,5.496e-10,4.818e-10,6.035e-10,6.269e-11,1.119e-10,6.987e-11,1.075e-10,2.158e-10,1.754e-10,5.495e-11,6.178e-11,3.448e-10,7.168e-11,1.624e-10,,1.972e-09,3.634e-09,1.406e-10,1.057e-10,6.717e-10,,1.503e-09,5.74e-10,2.491e-10,,,,6.589e-10,,,,,,,,,,,,,,,,,,,,,,,76.0999984741211,189.8000030517578,,,,,,0.047893,-0.076061,0.065282,-0.012542,-0.019326,-0.000114,0.063887,-0.02833,-0.126203,0.133236,0.011347,-0.051896,0.006094,0.051807,-0.053419,0.032576,-0.014747,-0.001496,0.033702,-0.046421,0.020199,-0.003796,0.171089,-0.146786,-0.010854,0.115799,-0.15278,-0.055807,0.242641,-0.118634,0.012761,0.062147,-0.103414,0.089319,0.051262,-0.064612,0.015934,0.016595,0.001998,-0.015626,0.002369,0.004259,0.037208,-0.080334,0.034619,0.031774,0.032025,-0.033905,0.016174,0.016359,-0.040415,-0.010798,-0.075447,0.081581,0.028441,-0.002939,-0.016685,-0.07692,0.075077,0.036644,-0.278601,0.250883,0.054002,0.002663,-0.015903,-0.090706,-0.113157,0.213259,-0.041799,-0.218168,0.166188,0.088603,-0.040974,0.062862,-0.094799,0.037471,0.037775,-0.001783,-0.143421,-0.171595,0.250383,0.281691,-0.282846,-0.011444,-0.084508,0.114669,0.024869,-0.134789,0.05902,0.085769,0.028271,-0.033248,0.00297,-0.165174,0.109538,0.083174,,,,,,,,,,,,,,,,,,,,,,,,,,,,,,,,,,,,,,,,,,,,,,,,,,,,,,,,,,,,,,,,,,,,,,,,,,,,,6.74332e-06,,,,
7.0,1598286279.0,45705382.0,170.9172972,30.28,2.5007518972572718,,,,,,58.80227717763267,65.44418998922693,60.27486649538154,63.91780799480427,2.6107099818094732,3.782762830397801,2.6402206948304103,4.011568916868528,,,,,-0.31566895643169346,-0.007613014961748377,0.28017930801746616,-0.2081601881395727,,2.678e-10,7.555e-11,2.502e-10,4.094e-10,6.049e-10,5.397e-10,6.086e-10,9.071e-11,1.051e-10,1.531e-10,9.459e-11,1.959e-10,2.003e-10,6.874e-11,6.1e-11,3.475e-10,1.227e-10,9.424e-11,,1.825e-09,2.819e-09,1.14e-10,2.595e-10,6.255e-10,,2.007e-09,7.527e-10,1.514e-10,,,,3.863e-10,,,,,,,,,,,,,,,,,,,,,,,76.19999694824219,189.6999969482422,,,,,,0.047897,-0.076034,0.065135,-0.012555,-0.019351,-6.1e-05,0.063944,-0.028284,-0.125967,0.133413,0.011401,-0.052008,0.006116,0.051784,-0.053436,0.032366,-0.01473,-0.001569,0.033911,-0.04651,0.02014,-0.003727,0.171092,-0.146864,-0.010863,0.115774,-0.152752,-0.055651,0.242647,-0.118639,0.012752,0.062038,-0.103379,0.089334,0.051273,-0.064713,0.015945,0.016586,0.001931,-0.01537,0.002347,0.004296,0.037173,-0.080327,0.034641,0.031791,0.032046,-0.033889,0.016259,0.016403,-0.04033,-0.010735,-0.075466,0.081536,0.028462,-0.002948,-0.016576,-0.07695,0.074962,0.03658,-0.278651,0.250742,0.053943,0.002751,-0.016024,-0.090762,-0.113119,0.213283,-0.04177,-0.218125,0.166179,0.088574,-0.040953,0.062892,-0.094759,0.037509,0.037746,-0.001936,-0.14335,-0.171592,0.250499,0.281667,-0.282932,-0.011462,-0.084517,0.114586,0.024841,-0.134795,0.058991,0.085788,0.028307,-0.033269,0.002954,-0.165216,0.10952,0.083144,,,,,,,,,,,,,,,,,,,,,,,,,,,,,,,,,,,,,,,,,,,,,,,,,,,,,,,,,,,,,,,,,,,,,,,,,,,,,-5.26692e-06,,,,
8.0,1598286280.0,45778379.0,170.9168776,30.31,2.5007598084743794,,,,,,58.80231560597625,65.43235735900426,60.287448222739876,63.91427449606965,2.6105233333668676,3.7240089729982713,2.6473861334016116,4.011532108284168,,,,,-0.31620487248744666,-0.030751407754110005,0.29761166629378977,-0.20992007310633198,,2.981e-10,8.081e-11,2.544e-10,4.259e-10,4.57e-10,5.958e-10,6.208e-10,4.07e-11,1.195e-10,,6.811e-11,1.99e-10,1.483e-10,3.117e-11,3.89e-11,,,,,1.604e-09,3.419e-09,1.368e-10,2.141e-10,8.734e-10,,1.774e-09,5.821e-10,2.526e-10,,,,4.399e-10,,,,,,,,,,,,,,,,,,,,,,,76.0999984741211,189.60000610351562,,,,,,0.047955,-0.076156,0.065091,-0.012642,-0.019493,0.0003,0.064465,-0.028039,-0.126095,0.133207,0.011203,-0.051858,0.006409,0.051657,-0.053642,0.03235,-0.014776,-0.001491,0.034033,-0.046451,0.02019,-0.003644,0.171002,-0.147078,-0.010988,0.115704,-0.152676,-0.055587,0.242738,-0.118735,0.012571,0.062012,-0.103383,0.089424,0.051105,-0.064742,0.015878,0.016644,0.001911,-0.015422,0.002308,0.004235,0.037081,-0.080366,0.03465,0.031826,0.032096,-0.03381,0.016268,0.016487,-0.04023,-0.010871,-0.075693,0.08128,0.028623,-0.002799,-0.0165,-0.0771,0.074921,0.036444,-0.278767,0.250695,0.053904,0.002822,-0.015929,-0.090797,-0.113162,0.213258,-0.041761,-0.218153,0.166143,0.088549,-0.040882,0.062979,-0.094687,0.037523,0.037596,-0.001991,-0.143277,-0.171415,0.250569,0.281653,-0.282947,-0.011513,-0.084492,0.114484,0.024771,-0.134746,0.059066,0.08581,0.028264,-0.033283,0.00296,-0.165237,0.109499,0.08316,,,,,,,,,,,,,,,,,,,,,,,,,,,,,,,,,,,,,,,,,,,,,,,,,,,,,,,,,,,,,,,,,,,,,,,,,,,,,-2.03888e-05,,,,
9.0,1598286281.0,45708748.0,170.9146444,30.33,2.500755570356513,,,,,,58.80021454018867,65.47757223561798,60.298143239985,63.91206843836884,2.6091727528367463,3.7295203338627685,2.651085974538819,4.011169037150156,,,,,-0.3212057982113379,0.006385759957925785,0.3115383114685244,-0.20911642906480665,,7.433e-11,1.144e-10,3.071e-10,4.004e-10,5.454e-10,5.315e-10,,1.042e-10,,,,1.903e-10,,,,,,,,1.666e-09,3.09e-09,1.538e-10,2.126e-10,7.386e-10,,2.087e-09,6.938e-10,1.044e-10,,,,4.601e-10,,,,,,,,,,,,,,,,,,,,,,,,189.5,,,,,,0.047781,-0.076102,0.065121,-0.012655,-0.019513,0.000442,0.064691,-0.028187,-0.126151,0.133165,0.011237,-0.051794,0.006473,0.051702,-0.053663,0.032395,-0.014817,-0.001451,0.033911,-0.046318,0.020264,-0.003615,0.170991,-0.14722,-0.011069,0.115669,-0.152575,-0.055577,0.242793,-0.118752,0.012497,0.062,-0.103384,0.089361,0.051143,-0.064896,0.015772,0.016653,0.002006,-0.01558,0.002341,0.004207,0.037038,-0.080382,0.034657,0.031831,0.032124,-0.033781,0.016284,0.016521,-0.040273,-0.010937,-0.075622,0.081115,0.028606,-0.002578,-0.016414,-0.077078,0.074953,0.036491,-0.27884,0.250711,0.053912,0.00284,-0.015826,-0.090751,-0.113207,0.213195,-0.041772,-0.218237,0.166153,0.088543,-0.040872,0.063008,-0.094662,0.037504,0.037523,-0.00201,-0.143295,-0.17133,0.25065,0.281651,-0.282917,-0.011414,-0.084531,0.114584,0.024766,-0.134628,0.059052,0.085799,0.028229,-0.033299,0.002924,-0.165244,0.109501,0.083153,,,,,,,,,,,,,,,,,,,,,,,,,,,,,,,,,,,,,,,,,,,,,,,,,,,,,,,,,,,,,,,,,,,,,,,,,,,,,-3.02694e-05,,,,
10.0,1598286282.0,45771872.0,170.9148706,,2.500755947081293,,,,,,58.80029380853377,65.48079726306135,60.31112723866356,63.9134687567785,2.6074082762760327,3.780378324797326,2.6558917968620195,4.013227861631122,,,,,-0.3242432594350362,0.0625099727500249,0.3296447592809386,-0.21330348791036613,,8.188e-10,9.096e-11,,,,,,7.183e-11,,,,,,,,,,,,1.569e-09,2.979e-09,1e-10,6.18e-11,,,,6.667e-10,3.53e-10,,,,5.904e-10,,,,,,,,,,,,,,,,,,,,,,,,189.39999389648438,,,,,,0.047833,-0.076127,0.065086,-0.0127,-0.019459,0.000371,0.064585,-0.028345,-0.126182,0.133206,0.01136,-0.05174,0.006379,0.051763,-0.053609,0.032349,-0.014864,-0.001256,0.033848,-0.046411,0.020386,-0.003664,0.171067,-0.147247,-0.011064,0.115658,-0.152601,-0.055564,0.242806,-0.118751,0.012496,0.061996,-0.103368,0.089273,0.051272,-0.064935,0.015759,0.016602,0.002072,-0.015545,0.002313,0.004213,0.037036,-0.080371,0.034658,0.031834,0.032097,-0.033788,0.01634,0.016554,-0.040287,-0.010842,-0.075573,0.081093,0.028567,-0.002526,-0.016421,-0.077027,0.075002,0.036584,-0.278885,0.250634,0.053939,0.002874,-0.015511,-0.0907,-0.113158,0.213261,-0.041786,-0.218378,0.16617,0.088628,-0.040867,0.063028,-0.094626,0.037487,0.037517,-0.00202,-0.143296,-0.171318,0.250796,0.281664,-0.282848,-0.011494,-0.084611,0.114586,0.024824,-0.134652,0.059053,0.085843,0.028235,-0.033327,0.002923,-0.165239,0.109505,0.08314,,,,,,,,,,,,,,,,,,,,,,,,,,,,,,,,,,,,,,,,,,,,,,,,,,,,,,,,,,,,,,,,,,,,,,,,,,,,,-6.40305e-06,,,,
,,,,,,,,,,,58.79945975007125,65.5389209301957,60.32167065211986,63.91528959893839,2.606727655613998,3.787458924596952,2.6593891677183668,4.015891664121333,,,,,-0.32610611115990196,0.11018867321543269,0.34257754890840886,-0.21887177699102267,,,,,,,,,,,,,,,,,,,,,,,,,,,,,,,,,,,,,,,,,,,,,,,,,,,,,,,,,,,,,,,0.04799,-0.076273,0.065111,-0.012656,-0.01947,0.000395,0.064632,-0.028335,-0.126133,0.13331,0.011472,-0.051816,0.006431,0.051687,-0.053643,0.032333,-0.014862,-0.001317,0.034001,-0.046492,0.020483,-0.003701,0.171102,-0.147248,-0.01105,0.115689,-0.152632,-0.055534,0.242779,-0.118778,0.012512,0.061968,-0.103347,0.089297,0.051278,-0.064835,0.015815,0.016592,0.001969,-0.015352,0.002319,0.004207,0.037011,-0.080375,0.034673,0.031831,0.032107,-0.033789,0.016329,0.016541,-0.040207,-0.010888,-0.075676,0.081086,0.028563,-0.002536,-0.016593,-0.076943,0.075045,0.036628,-0.278869,0.250549,0.053875,0.00288,-0.015641,-0.090743,-0.113154,0.213245,-0.041752,-0.218482,0.166194,0.088711,-0.040841,0.063042,-0.094651,0.037485,0.037507,-0.00205,-0.143293,-0.171293,0.25081,0.281714,-0.282868,-0.011593,-0.084561,0.114499,0.024786,-0.13474,0.059095,0.085835,0.028207,-0.033334,0.002933,-0.165227,0.109523,0.08316,,,,,,,,,,,,,,,,,,,,,,,,,,,,,,,,,,,,,,,,,,,,,,,,,,,,,,,,,,,,,,,,,,,,,,,,,,,,,,,,,
,,,,,,,,,,,58.796609539639626,65.567836086346,60.33241933270198,,2.6041737554513573,3.8169374848661244,2.6631967963858045,4.017249953260594,,,,,-0.3356952990515083,0.1610916490503449,0.35698337461704455,-0.22167282735495064,,,,,,,,,,,,,,,,,,,,,,,,,,,,,,,,,,,,,,,,,,,,,,,,,,,,,,,,,,,,,,,0.047922,-0.076147,0.065086,-0.01265,-0.019485,0.000423,0.064669,-0.028161,-0.125942,0.133464,0.011521,-0.052027,0.006491,0.05165,-0.053689,0.032323,-0.014906,-0.001303,0.034055,-0.046526,0.020474,-0.003774,0.170988,-0.147088,-0.011069,0.115665,-0.152612,-0.055514,0.242819,-0.118786,0.012482,0.061942,-0.103331,0.089327,0.051223,-0.064838,0.015766,0.016671,0.002002,-0.015403,0.002327,0.004192,0.036979,-0.080389,0.034687,0.031833,0.032111,-0.033798,0.016274,0.016573,-0.040251,-0.010987,-0.075811,0.081093,0.028606,-0.00261,-0.016693,-0.076942,0.074944,0.036598,-0.278862,0.250623,0.05386,0.002919,-0.01563,-0.090748,-0.113104,0.213262,-0.041772,-0.218406,0.166136,0.088699,-0.040842,0.063059,-0.09463,0.037472,0.037471,-0.002077,-0.143287,-0.1713,0.250785,0.281691,-0.282886,-0.011615,-0.084579,0.114528,0.024745,-0.134689,0.059089,0.085849,0.028217,-0.033345,0.002906,-0.165235,0.109521,0.083162,,,,,,,,,,,,,,,,,,,,,,,,,,,,,,,,,,,,,,,,,,,,,,,,,,,,,,,,,,,,,,,,,,,,,,,,,,,,,,,,,
,,,,,,,,,,,58.79913947988016,65.48870676101795,60.341670748026395,,2.605898663177732,3.834960121177632,2.6642440205005826,4.018430819417369,,,,,-0.3281630735367571,0.12511325625875358,0.36495826033321066,-0.22419216514435902,,,,,,,,,,,,,,,,,,,,,,,,,,,,,,,,,,,,,,,,,,,,,,,,,,,,,,,,,,,,,,,0.048105,-0.076081,0.065087,-0.012628,-0.019467,0.000252,0.064428,-0.027987,-0.125907,0.133413,0.011341,-0.052068,0.006466,0.051687,-0.053641,0.032386,-0.014875,-0.001395,0.0339,-0.046322,0.020434,-0.003764,0.170943,-0.147097,-0.011088,0.115645,-0.152568,-0.055518,0.242844,-0.118827,0.012451,0.061938,-0.103349,0.089339,0.051183,-0.064927,0.015711,0.016697,0.002051,-0.01533,0.002318,0.004212,0.036955,-0.080378,0.034685,0.031846,0.03213,-0.033772,0.016293,0.016568,-0.040244,-0.01088,-0.07559,0.081205,0.028616,-0.002801,-0.016623,-0.077038,0.074884,0.036506,-0.278871,0.250574,0.053862,0.002869,-0.015687,-0.090746,-0.113203,0.213193,-0.041788,-0.218315,0.166151,0.088668,-0.040839,0.063062,-0.094615,0.037459,0.037453,-0.002053,-0.14327,-0.171278,0.250831,0.281677,-0.282857,-0.011591,-0.084574,0.114575,0.024764,-0.134605,0.059076,0.085832,0.028207,-0.033356,0.00293,-0.165217,0.109541,0.083164,,,,,,,,,,,,,,,,,,,,,,,,,,,,,,,,,,,,,,,,,,,,,,,,,,,,,,,,,,,,,,,,,,,,,,,,,,,,,,,,,
,,,,,,,,,,,58.80066914976346,65.46184266630047,60.35113072475032,,2.6091565361937854,3.7570549650242633,2.6695889628785014,4.019400467356173,,,,,-0.32016181916765163,0.02419645912160817,0.38115789652565013,-0.2263915469936819,,,,,,,,,,,,,,,,,,,,,,,,,,,,,,,,,,,,,,,,,,,,,,,,,,,,,,,,,,,,,,,0.048066,-0.076027,0.065103,-0.012615,-0.019436,0.000229,0.064404,-0.028279,-0.125974,0.133312,0.011237,-0.051988,0.006386,0.051761,-0.053593,0.032375,-0.014943,-0.001257,0.034017,-0.046511,0.020343,-0.003653,0.170934,-0.147213,-0.011118,0.115656,-0.15255,-0.055512,0.242823,-0.118817,0.012448,0.061939,-0.103381,0.089359,0.051153,-0.064976,0.01577,0.016687,0.002022,-0.015535,0.002306,0.004155,0.036972,-0.080384,0.03471,0.031837,0.032131,-0.033777,0.016276,0.016547,-0.040256,-0.011025,-0.075529,0.081196,0.028531,-0.00265,-0.016624,-0.077114,0.07485,0.03642,-0.278883,0.250601,0.053932,0.002802,-0.015514,-0.090734,-0.113126,0.213283,-0.041767,-0.218227,0.166184,0.088595,-0.040851,0.063023,-0.094645,0.037477,0.037475,-0.002076,-0.143277,-0.171268,0.250856,0.281661,-0.282861,-0.011553,-0.084495,0.114492,0.024765,-0.134719,0.05908,0.0858,0.028231,-0.033379,0.002944,-0.165195,0.109555,0.083151,,,,,,,,,,,,,,,,,,,,,,,,,,,,,,,,,,,,,,,,,,,,,,,,,,,,,,,,,,,,,,,,,,,,,,,,,,,,,,,,,
,,,,,,,,,,,58.8008322020695,65.40292750312308,60.367372440520015,,2.610183029614581,3.690900518690361,2.6755097942308286,4.020378484740539,,,,,-0.3164433428797224,-0.085542123957282,0.4034390434477899,-0.22815855703788657,,,,,,,,,,,,,,,,,,,,,,,,,,,,,,,,,,,,,,,,,,,,,,,,,,,,,,,,,,,,,,,0.048045,-0.076065,0.065123,-0.012578,-0.019428,0.000253,0.064448,-0.028375,-0.125955,0.133374,0.011279,-0.052005,0.006365,0.051786,-0.053609,0.032348,-0.014897,-0.001366,0.033954,-0.046413,0.020471,-0.003585,0.171095,-0.1474,-0.011098,0.115682,-0.152605,-0.055574,0.242799,-0.118808,0.012457,0.061977,-0.103384,0.08934,0.051174,-0.064984,0.015792,0.016618,0.002011,-0.015512,0.002327,0.004136,0.037001,-0.080372,0.034709,0.031802,0.032121,-0.033803,0.016238,0.016539,-0.040259,-0.011072,-0.075607,0.081155,0.028542,-0.002519,-0.016587,-0.077127,0.074823,0.036431,-0.278895,0.250692,0.053983,0.002788,-0.01565,-0.09076,-0.113207,0.213218,-0.041745,-0.218442,0.166248,0.088674,-0.040855,0.063006,-0.094652,0.037513,0.037489,-0.002054,-0.143264,-0.171269,0.250821,0.281639,-0.28287,-0.011534,-0.084553,0.114522,0.024806,-0.134725,0.0591,0.085817,0.028189,-0.033385,0.002978,-0.165172,0.109616,0.083167,,,,,,,,,,,,,,,,,,,,,,,,,,,,,,,,,,,,,,,,,,,,,,,,,,,,,,,,,,,,,,,,,,,,,,,,,,,,,,,,,
,,,,,,,,,,,58.80136561217345,65.37438645370612,60.37770210577016,,2.6107692177646578,3.687293502223184,2.6787453421793916,4.01788475938086,,,,,-0.3162350369648266,-0.11031616963100532,0.41544843195394776,-0.22301495627266377,,,,,,,,,,,,,,,,,,,,,,,,,,,,,,,,,,,,,,,,,,,,,,,,,,,,,,,,,,,,,,,0.048066,-0.076071,0.065138,-0.012554,-0.019391,5.3e-05,0.064161,-0.028234,-0.125883,0.133537,0.011514,-0.052059,0.00642,0.051748,-0.053687,0.032304,-0.014902,-0.001238,0.033961,-0.046509,0.0205,-0.00376,0.171065,-0.147188,-0.011082,0.115675,-0.152603,-0.055561,0.242776,-0.118779,0.012494,0.061996,-0.103375,0.089324,0.051247,-0.064965,0.015765,0.016634,0.002021,-0.01547,0.002336,0.004132,0.037024,-0.080368,0.034707,0.03181,0.03208,-0.033824,0.016239,0.016507,-0.040298,-0.01109,-0.07578,0.081303,0.028534,-0.002684,-0.016414,-0.077029,0.074822,0.036519,-0.278861,0.250734,0.05395,0.002863,-0.015509,-0.090735,-0.113195,0.213257,-0.041735,-0.218434,0.166218,0.088755,-0.040874,0.062975,-0.094686,0.037524,0.037497,-0.002034,-0.143239,-0.171257,0.250847,0.28161,-0.282903,-0.011571,-0.08455,0.114595,0.024811,-0.134694,0.059103,0.085812,0.028171,-0.033395,0.003016,-0.165149,0.109669,0.083186,,,,,,,,,,,,,,,,,,,,,,,,,,,,,,,,,,,,,,,,,,,,,,,,,,,,,,,,,,,,,,,,,,,,,,,,,,,,,,,,,
,,,,,,,,,,,58.801475247600024,65.41074768788658,60.38193241166793,,2.609816183426885,3.698531318711998,2.680414245184836,4.022932960731382,,,,,-0.3183282646034513,-0.07326808997873968,0.4218443976644721,-0.23352355053486917,,,,,,,,,,,,,,,,,,,,,,,,,,,,,,,,,,,,,,,,,,,,,,,,,,,,,,,,,,,,,,,0.048001,-0.076059,0.065156,-0.012498,-0.019432,0.000162,0.064297,-0.027991,-0.126034,0.133442,0.011589,-0.051916,0.006439,0.051717,-0.053692,0.032348,-0.014863,-0.001315,0.033824,-0.046345,0.020351,-0.003735,0.170967,-0.147092,-0.011069,0.115689,-0.152612,-0.055596,0.242769,-0.118772,0.01251,0.062002,-0.103353,0.089392,0.051102,-0.064782,0.015788,0.016629,0.001992,-0.015486,0.002314,0.004172,0.037057,-0.080346,0.034726,0.031855,0.032074,-0.033847,0.016294,0.0165,-0.040423,-0.011072,-0.075712,0.081289,0.028644,-0.002778,-0.016318,-0.07705,0.074888,0.036593,-0.278824,0.250654,0.053913,0.002857,-0.015584,-0.090751,-0.113271,0.213184,-0.041774,-0.218216,0.166215,0.088665,-0.040861,0.062987,-0.0947,0.03749,0.037494,-0.002002,-0.143252,-0.171247,0.250615,0.281546,-0.283082,-0.01158,-0.084508,0.114578,0.024812,-0.134721,0.059073,0.085807,0.028163,-0.033402,0.003012,-0.165132,0.109641,0.083221,,,,,,,,,,,,,,,,,,,,,,,,,,,,,,,,,,,,,,,,,,,,,,,,,,,,,,,,,,,,,,,,,,,,,,,,,,,,,,,,,
,,,,,,,,,,,58.799582243937,65.43666095967063,60.385142665834174,,2.6071161004997707,3.729446778754131,2.6818932384844176,4.022391850308466,,,,,-0.3250163743308576,-0.021960059309776625,0.42741986552660194,-0.23231511824269546,,,,,,,,,,,,,,,,,,,,,,,,,,,,,,,,,,,,,,,,,,,,,,,,,,,,,,,,,,,,,,,0.047692,-0.075984,0.065147,-0.012596,-0.019456,0.000377,0.064592,-0.028064,-0.126126,0.133329,0.011496,-0.051809,0.006355,0.051766,-0.053637,0.032337,-0.014859,-0.001342,0.034014,-0.046455,0.020389,-0.003635,0.171098,-0.147306,-0.011047,0.115667,-0.152626,-0.055572,0.242768,-0.11878,0.012508,0.061994,-0.103347,0.08933,0.051175,-0.06496,0.015777,0.016651,0.002031,-0.015534,0.002307,0.004181,0.037035,-0.08035,0.034786,0.031853,0.03208,-0.033858,0.016282,0.016471,-0.040393,-0.010953,-0.075584,0.081194,0.028706,-0.002598,-0.016378,-0.077079,0.074917,0.036577,-0.278784,0.250629,0.053961,0.002786,-0.015704,-0.09083,-0.113242,0.213186,-0.041714,-0.21832,0.166275,0.088683,-0.040899,0.062958,-0.094733,0.037464,0.037524,-0.001968,-0.143241,-0.171228,0.250717,0.281581,-0.283006,-0.011495,-0.084485,0.114637,0.024824,-0.134681,0.05906,0.085791,0.028112,-0.033406,0.002984,-0.165082,0.109683,0.083226,,,,,,,,,,,,,,,,,,,,,,,,,,,,,,,,,,,,,,,,,,,,,,,,,,,,,,,,,,,,,,,,,,,,,,,,,,,,,,,,,
,,,,,,,,,,,58.799005602698024,65.46597728996717,60.39341556014016,,2.6064892362509147,3.7642697809265466,2.684529594469028,4.028686652002477,,,,,-0.3265336876555125,0.03585049439634602,0.43742540681230935,-0.245455494516591,,,,,,,,,,,,,,,,,,,,,,,,,,,,,,,,,,,,,,,,,,,,,,,,,,,,,,,,,,,,,,,0.047886,-0.076232,0.065085,-0.012597,-0.019443,0.000418,0.06466,-0.028273,-0.126035,0.13343,0.011573,-0.051925,0.006386,0.051751,-0.053667,0.032293,-0.014895,-0.001239,0.033907,-0.046456,0.020377,-0.003647,0.171074,-0.147289,-0.011054,0.115642,-0.152604,-0.055502,0.242816,-0.1188,0.012448,0.061944,-0.103346,0.089301,0.051237,-0.064975,0.015768,0.016641,0.002027,-0.01541,0.002308,0.004137,0.037018,-0.080359,0.034761,0.031844,0.032082,-0.033863,0.01632,0.016469,-0.040376,-0.010808,-0.07558,0.081128,0.028648,-0.002452,-0.016519,-0.077071,0.074829,0.036518,-0.278816,0.25076,0.053989,0.002794,-0.01553,-0.09077,-0.113245,0.213214,-0.041703,-0.218302,0.166268,0.088677,-0.040926,0.062942,-0.094743,0.037466,0.03755,-0.001972,-0.143255,-0.171255,0.250873,0.281615,-0.282959,-0.011597,-0.08449,0.11463000000002842,0.024857,-0.134723,0.059054,0.085796,0.028111,-0.033424,0.002992,-0.165083,0.109741,0.083196,,,,,,,,,,,,,,,,,,,,,,,,,,,,,,,,,,,,,,,,,,,,,,,,,,,,,,,,,,,,,,,,,,,,,,,,,,,,,,,,,
,,,,,,,,,,,58.79827957928493,65.49259282843508,60.402117925516215,,2.6054142555364046,3.7941430139415164,2.687620626825634,4.0263881410783435,,,,,-0.329177439250941,0.08512634857698842,0.4490448380790326,-0.24072471805186524,,,,,,,,,,,,,,,,,,,,,,,,,,,,,,,,,,,,,,,,,,,,,,,,,,,,,,,,,,,,,,,0.047758,-0.076225,0.065183,-0.012546,-0.019463,0.000436,0.0647,-0.028263,-0.12593,0.133538,0.011591,-0.05202,0.006472,0.051697,-0.053725,0.032277,-0.014866,-0.00141,0.034005,-0.046432,0.020494,-0.00371,0.171051,-0.147299,-0.01112,0.115665,-0.152579,-0.055526,0.242804,-0.118829,0.012445,0.061946,-0.103325,0.089316,0.051174,-0.064883,0.015741,0.016692,0.002044,-0.015508,0.002281,0.004131,0.036954,-0.080348,0.034764,0.031852,0.032079,-0.033855,0.016263,0.016418,-0.040406,-0.010974,-0.075676,0.081132,0.028665,-0.002415,-0.016582,-0.077043,0.074806,0.036507,-0.278766,0.250756,0.053923,0.00281,-0.015789,-0.090852,-0.113269,0.213146,-0.041679,-0.21835,0.166281,0.088753,-0.040899,0.062925,-0.094754,0.037493,0.037551,-0.001985,-0.143246,-0.171258,0.250824,0.281596,-0.283019,-0.011619,-0.084418,0.11462,0.02483,-0.134695,0.05906,0.085782,0.028072,-0.033441,0.003014,-0.165077,0.109785,0.083192,,,,,,,,,,,,,,,,,,,,,,,,,,,,,,,,,,,,,,,,,,,,,,,,,,,,,,,,,,,,,,,,,,,,,,,,,,,,,,,,,
,,,,,,,,,,,58.79784685021154,65.55007194065648,60.41005047004988,,2.6041019169360493,3.822719044010791,2.6904000268864112,4.0266873288455765,,,,,-0.33391976881512164,0.13206828459655284,0.4593361907136,-0.2411107128907588,,,,,,,,,,,,,,,,,,,,,,,,,,,,,,,,,,,,,,,,,,,,,,,,,,,,,,,,,,,,,,,0.047683,-0.076067,0.06521,-0.012574,-0.019464,0.000415,0.064646,-0.028097,-0.125899,0.133478,0.011431,-0.05205,0.006441,0.051676,-0.053711,0.032288,-0.014899,-0.001247,0.033921,-0.046455,0.020384,-0.003704,0.170997,-0.14721,-0.011068,0.115675,-0.152586,-0.055529,0.242807,-0.118841,0.012454,0.061962,-0.103331,0.089334,0.051129,-0.064981,0.015718,0.016672,0.002115,-0.015331,0.002307,0.0041,0.036986,-0.080331,0.034786,0.03188,0.032089,-0.033871,0.016261,0.016439,-0.040431,-0.010825,-0.075742,0.081202,0.028706,-0.002511,-0.016593,-0.07712,0.074726,0.036435,-0.278772,0.250663,0.053895,0.002844,-0.01555,-0.090776,-0.113239,0.213182,-0.04172,-0.218243,0.166274,0.08867,-0.040901,0.062926,-0.094738,0.037495,0.03755,-0.001989,-0.143253,-0.171229,0.250895,0.281585,-0.282992,-0.011605,-0.084484,0.114683,0.024877,-0.134666,0.059089,0.085779,0.02806,-0.033448,0.003013,-0.165065,0.10978,0.083217,,,,,,,,,,,,,,,,,,,,,,,,,,,,,,,,,,,,,,,,,,,,,,,,,,,,,,,,,,,,,,,,,,,,,,,,,,,,,,,,,
,,,,,,,,,,,58.79661477698611,65.53959438793655,60.41940570116139,,2.6034248647630216,3.82870547209107,2.6938928185513666,4.0288741186133565,,,,,-0.334129938157389,0.1722729930259419,0.47252376531719165,-0.24598465470569408,,,,,,,,,,,,,,,,,,,,,,,,,,,,,,,,,,,,,,,,,,,,,,,,,,,,,,,,,,,,,,,0.047602,-0.076096,0.065189,-0.012608,-0.019394,0.00014,0.064261,-0.028027,-0.125898,0.133436,0.011375,-0.052065,0.006414,0.051713,-0.053674,0.032301,-0.014817,-0.001423,0.03386,-0.046318,0.020396,-0.003758,0.171011,-0.147149,-0.011061,0.115686,-0.152558,-0.055554,0.242792,-0.118827,0.012467,0.061989,-0.103324,0.089389,0.051072,-0.065024,0.015721,0.016725,0.002083,-0.015264,0.00227,0.004105,0.036932,-0.080313,0.034781,0.03189,0.032078,-0.033875,0.016271,0.016435,-0.040413,-0.010764,-0.075572,0.081323,0.028657,-0.002688,-0.016557,-0.077173,0.074727,0.03644,-0.278754,0.250626,0.053926,0.002878,-0.01582,-0.090824,-0.113302,0.213073,-0.041722,-0.218259,0.166275,0.088739,-0.040909,0.062941,-0.094728,0.037492,0.037536,-0.001992,-0.143233,-0.171234,0.250906,0.281607,-0.282973,-0.0116,-0.084392,0.114661,0.024841,-0.134658,0.059118,0.085785,0.028043,-0.033428,0.002984,-0.165032,0.109716,0.083256,,,,,,,,,,,,,,,,,,,,,,,,,,,,,,,,,,,,,,,,,,,,,,,,,,,,,,,,,,,,,,,,,,,,,,,,,,,,,,,,,
,,,,,,,,,,,58.800777716361566,65.50281946354072,60.435479960296774,,2.608578361647165,3.8036994082421494,2.695706516490052,4.028608301667108,,,,,-0.321186859487284,0.10087189363614257,0.48489431742174816,-0.24549150924985952,,,,,,,,,,,,,,,,,,,,,,,,,,,,,,,,,,,,,,,,,,,,,,,,,,,,,,,,,,,,,,,0.047684,-0.076217,0.065085,-0.01262,-0.019383,0.000198,0.064312,-0.028301,-0.125872,0.133495,0.011453,-0.052078,0.006383,0.051728,-0.05367,0.032328,-0.014799,-0.001401,0.034086,-0.046456,0.020267,-0.003671,0.171008,-0.147212,-0.011036,0.11568,-0.15258,-0.055572,0.242771,-0.118824,0.012492,0.061986,-0.103367,0.0894,0.051043,-0.065068,0.015762,0.01674,0.002051,-0.015373,0.002304,0.004067,0.036923,-0.080317,0.03477,0.031852,0.032049,-0.033912,0.016303,0.016463,-0.040335,-0.010762,-0.075709,0.081233,0.028602,-0.002506,-0.016522,-0.077123,0.074714,0.036463,-0.278748,0.250617,0.053933,0.002852,-0.015871,-0.090864,-0.113239,0.213136,-0.041719,-0.218157,0.166285,0.088628,-0.040861,0.062961,-0.094698,0.037514,0.037528,-0.002036,-0.143236,-0.171198,0.250912,0.28158,-0.282951,-0.011564,-0.084379,0.114559,0.024844,-0.134754,0.059087,0.085767,0.028045,-0.033446,0.002968,-0.165071,0.109718,0.083262,,,,,,,,,,,,,,,,,,,,,,,,,,,,,,,,,,,,,,,,,,,,,,,,,,,,,,,,,,,,,,,,,,,,,,,,,,,,,,,,,
,,,,,,,,,,,58.80251802683499,65.43686162249116,60.44613783420785,,2.6118118657082565,3.726838958665762,2.703362160452691,4.027710499920106,,,,,-0.3132121750454644,-0.026065943631465416,0.5072197752909204,-0.243347929215588,,,,,,,,,,,,,,,,,,,,,,,,,,,,,,,,,,,,,,,,,,,,,,,,,,,,,,,,,,,,,,,0.047759,-0.076394,0.065097,-0.012606,-0.019437,0.000414,0.064633,-0.028143,-0.125897,0.133553,0.011601,-0.052052,0.006354,0.051741,-0.053671,0.032337,-0.014913,-0.001198,0.034187,-0.046672,0.020247,-0.003729,0.170954,-0.147083,-0.011001,0.115699,-0.152615,-0.055608,0.242753,-0.11883,0.012547,0.062012,-0.103413,0.089397,0.051039,-0.065022,0.015752,0.016681,0.002022,-0.015545,0.002296,0.004106,0.036969,-0.080313,0.034776,0.031891,0.032025,-0.033918,0.016353,0.016416,-0.040325,-0.010932,-0.075818,0.081159,0.028699,-0.002455,-0.016415,-0.077054,0.074759,0.036519,-0.278769,0.250639,0.05398,0.002816,-0.015604,-0.09084,-0.113183,0.213199,-0.041751,-0.21809,0.166284,0.088644,-0.040837,0.062975,-0.094708,0.037506,0.037496,-0.002061,-0.14325,-0.171194,0.250857,0.281576,-0.282971,-0.011509,-0.084447,0.114555,0.024856,-0.134735,0.05909,0.085786,0.028067,-0.033462,0.003005,-0.165098,0.109746,0.083274,,,,,,,,,,,,,,,,,,,,,,,,,,,,,,,,,,,,,,,,,,,,,,,,,,,,,,,,,,,,,,,,,,,,,,,,,,,,,,,,,
,,,,,,,,,,,58.80188042327447,65.2991507894382,60.457954155175536,,2.6133983693993845,3.6583206762613703,2.707954884245253,4.027474147941065,,,,,-0.3071652504218605,-0.14029309306982896,0.524197001454553,-0.24203243118472528,,,,,,,,,,,,,,,,,,,,,,,,,,,,,,,,,,,,,,,,,,,,,,,,,,,,,,,,,,,,,,,0.047724,-0.076376,0.065151,-0.012564,-0.019394,0.000218,0.064319,-0.028011,-0.126002,0.133495,0.011653,-0.051975,0.006355,0.051723,-0.053691,0.032333,-0.014885,-0.001089,0.033981,-0.046552,0.020233,-0.003757,0.170993,-0.147016,-0.010978,0.115704,-0.152649,-0.05563,0.242741,-0.118777,0.012571,0.062041,-0.103435,0.089351,0.051104,-0.064929,0.015756,0.016659,0.0021,-0.015428,0.002275,0.004069,0.03698,-0.080331,0.034773,0.031848,0.032026,-0.033909,0.016305,0.016414,-0.040348,-0.011051,-0.075748,0.081265,0.028676,-0.002672,-0.016329,-0.077051,0.074806,0.036536,-0.278836,0.250711,0.053985,0.002833,-0.015343,-0.090749,-0.113246,0.213197,-0.04177,-0.218113,0.166252,0.088652,-0.040815,0.062978,-0.09471,0.037493,0.03749,-0.002089,-0.143225,-0.171173,0.250747,0.28153,-0.283088,-0.011467,-0.084521,0.114642,0.024885,-0.134694,0.059071,0.085802,0.028064,-0.03348,0.002972,-0.165101,0.109703,0.083243,,,,,,,,,,,,,,,,,,,,,,,,,,,,,,,,,,,,,,,,,,,,,,,,,,,,,,,,,,,,,,,,,,,,,,,,,,,,,,,,,
,,,,,,,,,,,58.804803032222814,65.3675112385109,60.45583191525862,,2.615302775827511,3.6464364237821507,2.706904460645822,4.027959656909712,,,,,-0.30443505034958207,-0.16008304121470474,0.5200595214474504,-0.24672853766469416,,,,,,,,,,,,,,,,,,,,,,,,,,,,,,,,,,,,,,,,,,,,,,,,,,,,,,,,,,,,,,,0.047613,-0.076274,0.065225,-0.012545,-0.019387,0.000215,0.064335,-0.02819,-0.126075,0.133419,0.01161,-0.051895,0.006342,0.051721,-0.053683,0.032327,-0.014844,-0.001131,0.033814,-0.046437,0.020199,-0.003652,0.171088,-0.14718,-0.010932,0.11575,-0.152681,-0.055648,0.242725,-0.118759,0.012594,0.062068,-0.103421,0.089232,0.051325,-0.064828,0.015746,0.016706,0.002088,-0.015295,0.002297,0.00407,0.036992,-0.080318,0.034765,0.031824,0.032022,-0.033943,0.016289,0.0165,-0.040334,-0.010979,-0.075793,0.081166,0.028654,-0.002541,-0.016373,-0.077063,0.074843,0.036558,-0.27889,0.250724,0.053998,0.002881,-0.015342,-0.090744,-0.113339,0.213144,-0.041733,-0.218149,0.166273,0.088598,-0.040825,0.063001,-0.094697,0.03748,0.037457,-0.002115,-0.14322,-0.171131,0.250611,0.281462,-0.283218,-0.011485,-0.084483,0.114652,0.024818,-0.134622,0.059104,0.085805,0.028092,-0.033487,0.002978,-0.165119,0.109704,0.083211,,,,,,,,,,,,,,,,,,,,,,,,,,,,,,,,,,,,,,,,,,,,,,,,,,,,,,,,,,,,,,,,,,,,,,,,,,,,,,,,,
,,,,,,,,,,,58.8045321282487,65.43065477374083,60.36727866947879,,2.614543278239891,3.654047873157447,2.6751483220714936,4.028025218215313,,,,,-0.306737379597962,-0.10876342968634845,0.40259284320249833,-0.24410519979676337,,,,,,,,,,,,,,,,,,,,,,,,,,,,,,,,,,,,,,,,,,,,,,,,,,,,,,,,,,,,,,,0.047582,-0.076172,0.065241,-0.012552,-0.019424,0.000356,0.064526,-0.028187,-0.126025,0.13347,0.011639,-0.051924,0.00635,0.051703,-0.053684,0.032297,-0.014804,-0.001201,0.033808,-0.046423,0.020187,-0.003649,0.171124,-0.147204,-0.010893,0.115752,-0.152706,-0.055681,0.242718,-0.118756,0.012633,0.062059,-0.10345,0.089244,0.051212,-0.064709,0.015805,0.016717,0.002037,-0.015507,0.002268,0.00406,0.037002,-0.08032,0.034773,0.031862,0.031984,-0.033963,0.016294,0.016561,-0.040355,-0.010858,-0.07588,0.081063,0.028701,-0.002455,-0.016539,-0.077042,0.074819,0.03656,-0.2789,0.250649,0.054002,0.002879,-0.015407,-0.090776,-0.113355,0.213107,-0.041713,-0.218184,0.166295,0.088582,-0.040804,0.063054,-0.094653,0.037445,0.037427,-0.00211,-0.143209,-0.171132,0.250694,0.281475,-0.283163,-0.011615,-0.084452,0.114547,0.024755,-0.134663,0.05912,0.085816,0.028079,-0.033452,0.002996,-0.165161,0.109718,0.083248,,,,,,,,,,,,,,,,,,,,,,,,,,,,,,,,,,,,,,,,,,,,,,,,,,,,,,,,,,,,,,,,,,,,,,,,,,,,,,,,,
,,,,,,,,,,,58.8064567475895,65.4222594625392,60.26278505640502,,2.6162453674022434,3.708640628380131,2.6383233105525075,4.027916988113226,,,,,-0.30228695975324626,-0.05628383467654885,0.2640881521140557,-0.24356070685075792,,,,,,,,,,,,,,,,,,,,,,,,,,,,,,,,,,,,,,,,,,,,,,,,,,,,,,,,,,,,,,,0.047531,-0.076171,0.065265,-0.012543,-0.019358,0.000142,0.064211,-0.028079,-0.125876,0.133546,0.011541,-0.052006,0.006346,0.051687,-0.05371,0.032316,-0.014745,-0.001326,0.033857,-0.046386,0.020159,-0.003785,0.171086,-0.146971,-0.010895,0.115753,-0.152729,-0.055691,0.242695,-0.118717,0.01263,0.062114,-0.10344,0.089291,0.051153,-0.064877,0.015839,0.01663,0.002001,-0.015575,0.002246,0.004072,0.036989,-0.080311,0.034789,0.031871,0.032008,-0.033956,0.016301,0.016589,-0.040348,-0.010797,-0.075699,0.08117,0.028678,-0.002624,-0.016555,-0.077041,0.074763,0.0365,-0.278912,0.250668,0.053986,0.002872,-0.015662,-0.090813,-0.113401,0.213027,-0.041745,-0.218154,0.166265,0.088647,-0.0408,0.063068,-0.094641,0.037439,0.037405,-0.002142,-0.143228,-0.17113,0.250898,0.281577,-0.283044,-0.011606,-0.084546,0.114532,0.02483,-0.134686,0.059093,0.085817,0.028087,-0.033422,0.002958,-0.16515,0.109683,0.083236,,,,,,,,,,,,,,,,,,,,,,,,,,,,,,,,,,,,,,,,,,,,,,,,,,,,,,,,,,,,,,,,,,,,,,,,,,,,,,,,,
,,,,,,,,,,,58.808075811840304,65.45211246733051,60.17781821372333,,2.619340828368611,3.742258746972707,2.6083070365488936,4.027753980239376,,,,,-0.29431689143245876,-0.0005982616917776795,0.15060136735429808,-0.24345517312713127,,,,,,,,,,,,,,,,,,,,,,,,,,,,,,,,,,,,,,,,,,,,,,,,,,,,,,,,,,,,,,,0.047568,-0.076243,0.065261,-0.01255,-0.019331,0.000103,0.064153,-0.02837,-0.125847,0.133568,0.011472,-0.052041,0.006312,0.051685,-0.053743,0.032287,-0.014722,-0.001323,0.03404,-0.04648,0.020226,-0.003751,0.171156,-0.147056,-0.010888,0.115755,-0.152711,-0.055734,0.242675,-0.118767,0.012647,0.062102,-0.103451,0.089235,0.05132,-0.064805,0.015771,0.016648,0.002124,-0.015366,0.002205,0.004069,0.036962,-0.080323,0.034751,0.03182,0.031999,-0.033983,0.016308,0.016605,-0.040369,-0.010793,-0.07576,0.081115,0.028618,-0.002478,-0.016432,-0.077069,0.074743,0.036473,-0.278946,0.250651,0.053968,0.002934,-0.015721,-0.09086,-0.113331,0.213047,-0.041742,-0.218255,0.166282,0.088692,-0.040819,0.063067,-0.09464,0.037467,0.037382,-0.00211,-0.143199,-0.171115,0.250645,0.2815,-0.283143,-0.011512,-0.084596,0.1146,0.024849,-0.134636,0.059063,0.085831,0.028069,-0.033454,0.00298,-0.165183,0.109654,0.083228,,,,,,,,,,,,,,,,,,,,,,,,,,,,,,,,,,,,,,,,,,,,,,,,,,,,,,,,,,,,,,,,,,,,,,,,,,,,,,,,,
,,,,,,,,,,,58.80843223983869,65.48010562918574,60.158545308567106,,2.6200281762570605,3.7502178629995977,2.6048988309044914,4.028654786765627,,,,,-0.29282122029889024,0.0532451197039272,0.12558364902471908,-0.24531557634691126,,,,,,,,,,,,,,,,,,,,,,,,,,,,,,,,,,,,,,,,,,,,,,,,,,,,,,,,,,,,,,,0.04767,-0.076296,0.065185,-0.012576,-0.019381,0.000277,0.06442,-0.028323,-0.125913,0.133343,0.011598,-0.051992,0.006396,0.051675,-0.053738,0.032327,-0.014793,-0.001203,0.034233,-0.04673,0.020253,-0.003842,0.171143,-0.146928,-0.010914,0.115759,-0.15274,-0.055723,0.242682,-0.118737,0.012636,0.062086,-0.103461,0.089219,0.051366,-0.064685,0.015827,0.016705,0.002011,-0.015473,0.002235,0.004106,0.037027,-0.080332,0.03474,0.03184,0.031959,-0.033978,0.0163,0.016623,-0.040368,-0.010801,-0.075914,0.081036,0.028688,-0.002428,-0.016269,-0.07704,0.074763,0.036496,-0.278913,0.250561,0.053914,0.002938,-0.015586,-0.090883,-0.113224,0.213117,-0.041746,-0.218273,0.166254,0.088744,-0.040829,0.063083,-0.094611,0.037478,0.037378,-0.00215,-0.143179,-0.171123,0.250575,0.281438,-0.283225,-0.011626,-0.08452,0.11453,0.024778,-0.134645,0.059073,0.085835,0.028068,-0.033455,0.002999,-0.165209,0.109699,0.083257,,,,,,,,,,,,,,,,,,,,,,,,,,,,,,,,,,,,,,,,,,,,,,,,,,,,,,,,,,,,,,,,,,,,,,,,,,,,,,,,,
,,,,,,,,,,,58.80910684368552,65.50658319765562,60.158001782338935,,2.6196718468215687,3.8077213287991443,2.6014044555611155,4.033936502684302,,,,,-0.2935916110790231,0.10734632141326017,0.12472374458090485,-0.25638907435973124,,,,,,,,,,,,,,,,,,,,,,,,,,,,,,,,,,,,,,,,,,,,,,,,,,,,,,,,,,,,,,,0.04764,-0.076416,0.065147,-0.01259,-0.019372,0.000114,0.064162,-0.028103,-0.12611,0.133219,0.011467,-0.051827,0.006346,0.051632,-0.053781,0.032291,-0.014846,-0.001077,0.034133,-0.046759,0.020335,-0.003856,0.171156,-0.146939,-0.010924,0.115746,-0.152695,-0.05571,0.242711,-0.118727,0.012638,0.062073,-0.103453,0.089171,0.051363,-0.064662,0.015839,0.016632,0.001962,-0.015504,0.002304,0.004125,0.036994,-0.080338,0.03475,0.031885,0.031971,-0.033954,0.016336,0.016581,-0.040268,-0.010857,-0.075814,0.081157,0.028703,-0.002611,-0.016312,-0.077132,0.074789,0.036492,-0.278894,0.250593,0.053976,0.002911,-0.015354,-0.09083,-0.113238,0.213176,-0.041715,-0.218355,0.166261,0.088809,-0.040853,0.06308,-0.094615,0.037497,0.037359,-0.002134,-0.143163,-0.171111,0.250678,0.28144,-0.283227,-0.011682,-0.084568,0.114512,0.024852,-0.134667,0.0591,0.085818,0.028046,-0.033502,0.002976,-0.165175,0.109733,0.083254,,,,,,,,,,,,,,,,,,,,,,,,,,,,,,,,,,,,,,,,,,,,,,,,,,,,,,,,,,,,,,,,,,,,,,,,,,,,,,,,,
,,,,,,,,,,,58.80886347422645,65.5298515936481,60.168886017113046,,2.621694890527773,3.8340082879661415,2.6049333968300865,4.034643874697162,,,,,-0.28870916003876346,0.1503309476087864,0.137843565753343,-0.2597753254416375,,,,,,,,,,,,,,,,,,,,,,,,,,,,,,,,,,,,,,,,,,,,,,,,,,,,,,,,,,,,,,,0.047876,-0.076403,0.065152,-0.012575,-0.019359,0.000123,0.064191,-0.028242,-0.126137,0.133191,0.011196,-0.051783,0.006378,0.051672,-0.053734,0.032311,-0.014788,-0.001178,0.033871,-0.046492,0.020344,-0.003732,0.171202,-0.14715,-0.010912,0.115755,-0.15267,-0.055721,0.242722,-0.118706,0.012661,0.062082,-0.103454,0.089176,0.051362,-0.064718,0.015798,0.01663,0.002024,-0.0155,0.002314,0.004118,0.037036,-0.080332,0.034773,0.03187,0.032011,-0.033913,0.016405,0.016538,-0.04023,-0.010903,-0.075785,0.08115,0.028664,-0.002515,-0.016318,-0.077293,0.074701,0.036328,-0.278871,0.250626,0.053933,0.002929,-0.015446,-0.090814,-0.113342,0.213095,-0.041716,-0.218363,0.166331,0.088792,-0.040851,0.063028,-0.094647,0.037524,0.0374,-0.00213,-0.143175,-0.171108,0.250818,0.281516,-0.283147,-0.011674,-0.084549,0.11458,0.024863,-0.134682,0.059099,0.085815,0.028035,-0.033469,0.00294,-0.165117,0.109757,0.083267,,,,,,,,,,,,,,,,,,,,,,,,,,,,,,,,,,,,,,,,,,,,,,,,,,,,,,,,,,,,,,,,,,,,,,,,,,,,,,,,,
,,,,,,,,,,,58.807494970591954,65.42206116305084,60.18743438644395,,2.6220832371231544,3.7798936325513974,2.6115999433698733,4.0377331294841285,,,,,-0.2876260620847688,0.061660088892306675,0.16283899089356169,-0.26415441149310936,,,,,,,,,,,,,,,,,,,,,,,,,,,,,,,,,,,,,,,,,,,,,,,,,,,,,,,,,,,,,,,0.048033,-0.076322,0.065165,-0.012578,-0.019354,-4e-05,0.064006,-0.028318,-0.126148,0.133276,0.0112,-0.051744,0.006361,0.051607,-0.053775,0.032298,-0.014727,-0.001377,0.034002,-0.046462,0.020212,-0.003665,0.171176,-0.147193,-0.010917,0.115753,-0.152692,-0.055726,0.242717,-0.118695,0.012659,0.062094,-0.103447,0.089155,0.051396,-0.064753,0.015835,0.016621,0.001969,-0.015467,0.00232,0.004133,0.037002,-0.080323,0.034761,0.031841,0.032045,-0.033889,0.016406,0.01652,-0.040294,-0.011087,-0.075813,0.081166,0.028612,-0.002526,-0.016374,-0.077286,0.07471,0.036305,-0.278845,0.25062,0.05397,0.00288,-0.015763,-0.090891,-0.113365,0.213046,-0.041724,-0.218227,0.16632,0.088659,-0.040852,0.063052,-0.094636,0.037496,0.037408,-0.0021,-0.143212,-0.171128,0.250858,0.281537,-0.283117,-0.011669,-0.084554,0.114544,0.024821,-0.1347,0.059125,0.085822,0.028057,-0.03348,0.002954,-0.165106,0.109759,0.083246,,,,,,,,,,,,,,,,,,,,,,,,,,,,,,,,,,,,,,,,,,,,,,,,,,,,,,,,,,,,,,,,,,,,,,,,,,,,,,,,,
,,,,,,,,,,,58.811157872554865,65.42649398576688,60.19981688743828,,2.626994965837449,3.713715704263568,2.6163422730419574,4.038372546943697,,,,,-0.27547332672241964,-0.047864341460638116,0.1807113333248651,-0.2673391162918506,,,,,,,,,,,,,,,,,,,,,,,,,,,,,,,,,,,,,,,,,,,,,,,,,,,,,,,,,,,,,,,0.047865,-0.076197,0.065141,-0.012614,-0.019369,-6.5e-05,0.063968,-0.028254,-0.126069,0.133313,0.01125,-0.051858,0.006362,0.051648,-0.053763,0.032292,-0.014736,-0.001331,0.03416,-0.046583,0.020139,-0.003648,0.171145,-0.14716,-0.010884,0.115778,-0.152713,-0.055749,0.242686,-0.118707,0.012668,0.062075,-0.10342,0.089169,0.051316,-0.064703,0.015786,0.016657,0.001998,-0.015463,0.00233,0.004138,0.036983,-0.080337,0.034723,0.031821,0.032061,-0.033905,0.016414,0.01655,-0.040393,-0.011166,-0.075731,0.081168,0.028599,-0.002588,-0.016401,-0.077297,0.074711,0.036329,-0.278844,0.250636,0.053973,0.002873,-0.015769,-0.090911,-0.113259,0.213093,-0.041715,-0.218158,0.166273,0.088602,-0.040884,0.063039,-0.094646,0.037459,0.037435,-0.002091,-0.143189,-0.171103,0.250811,0.281527,-0.283118,-0.011662,-0.084553,0.114595,0.024822,-0.134634,0.059129,0.085834,0.028038,-0.033525,0.002986,-0.1651,0.109746,0.083213,,,,,,,,,,,,,,,,,,,,,,,,,,,,,,,,,,,,,,,,,,,,,,,,,,,,,,,,,,,,,,,,,,,,,,,,,,,,,,,,,
,,,,,,,,,,,58.815714022565146,65.42764465300252,60.209255543033485,,2.6309124247893445,3.7157969214190967,2.6196663294480014,4.042779054970259,,,,,-0.26596347506631446,-0.0444811910654721,0.19323355372014817,-0.27481541466534054,,,,,,,,,,,,,,,,,,,,,,,,,,,,,,,,,,,,,,,,,,,,,,,,,,,,,,,,,,,,,,,0.047682,-0.076311,0.065161,-0.012584,-0.019396,0.000201,0.064295,-0.028392,-0.126027,0.13324,0.011249,-0.05191,0.006389,0.051646,-0.053776,0.032268,-0.014738,-0.001227,0.03423,-0.046672,0.020093,-0.003685,0.171043,-0.147075,-0.010915,0.115753,-0.152715,-0.055735,0.242721,-0.118722,0.012654,0.062068,-0.103399,0.089248,0.051216,-0.064786,0.015812,0.016656,0.001975,-0.01551,0.002312,0.004145,0.037044,-0.080335,0.034752,0.031818,0.032032,-0.033893,0.016365,0.016517,-0.040368,-0.011075,-0.075716,0.08105,0.028656,-0.002405,-0.016351,-0.07731,0.074675,0.03632,-0.278837,0.250664,0.053969,0.002884,-0.015695,-0.090899,-0.113184,0.213129,-0.041719,-0.218116,0.166272,0.088588,-0.040875,0.062997,-0.094678,0.037452,0.037449,-0.00207,-0.143179,-0.171114,0.250928,0.281555,-0.283072,-0.011646,-0.084537,0.11455,0.024827,-0.134668,0.059118,0.085849,0.028041,-0.033549,0.002993,-0.165117,0.109768,0.083232,,,,,,,,,,,,,,,,,,,,,,,,,,,,,,,,,,,,,,,,,,,,,,,,,,,,,,,,,,,,,,,,,,,,,,,,,,,,,,,,,
,,,,,,,,,,,58.81390924530913,65.4541631419731,60.21611392234722,,2.628781192991367,3.7479589965356004,2.6224611806156037,4.0446712628005965,,,,,-0.2713943084310131,0.008760107564921071,0.20386778069962475,-0.27885996382281064,,,,,,,,,,,,,,,,,,,,,,,,,,,,,,,,,,,,,,,,,,,,,,,,,,,,,,,,,,,,,,,0.047706,-0.076337,0.065219,-0.012552,-0.01943,0.000288,0.064435,-0.028416,-0.126121,0.133451,0.011213,-0.051826,0.006369,0.051647,-0.053765,0.032269,-0.014809,-0.001177,0.034244,-0.046728,0.020111,-0.003725,0.171051,-0.146988,-0.010908,0.115773,-0.152682,-0.055715,0.242684,-0.118728,0.012636,0.062063,-0.103378,0.089279,0.051212,-0.064831,0.015802,0.016661,0.002,-0.015592,0.002304,0.004121,0.03701,-0.080344,0.034737,0.031851,0.032026,-0.033863,0.016341,0.016528,-0.040302,-0.010884,-0.075685,0.080993,0.028703,-0.002307,-0.016474,-0.077348,0.074667,0.036294,-0.278834,0.250678,0.053953,0.002888,-0.015648,-0.090893,-0.11319,0.213137,-0.041726,-0.218016,0.166293,0.088634,-0.040889,0.06298,-0.094697,0.037449,0.037466,-0.002032,-0.143214,-0.171151,0.250849,0.281511,-0.283108,-0.0116,-0.084509,0.114605,0.024841,-0.13464,0.059156,0.085833,0.027972,-0.033539,0.002982,-0.165097,0.109771,0.083297,,,,,,,,,,,,,,,,,,,,,,,,,,,,,,,,,,,,,,,,,,,,,,,,,,,,,,,,,,,,,,,,,,,,,,,,,,,,,,,,,
,,,,,,,,,,,58.81295893608721,65.48629241267973,60.22180367499933,,2.626965788772964,3.7842395637277577,2.6242595062740723,4.046147886135142,,,,,-0.27573922945185814,0.06881905415418998,0.21034974552458152,-0.28198382899631724,,,,,,,,,,,,,,,,,,,,,,,,,,,,,,,,,,,,,,,,,,,,,,,,,,,,,,,,,,,,,,,0.047979,-0.07609,0.06517,-0.012624,-0.019399,0.00019,0.064283,-0.028466,-0.125945,0.133538,0.011348,-0.052001,0.006391,0.051645,-0.053761,0.032275,-0.014849,-0.001086,0.034224,-0.046789,0.020187,-0.003831,0.171174,-0.146893,-0.010929,0.115749,-0.152699,-0.055663,0.24275,-0.118769,0.01258,0.062053,-0.103388,0.089281,0.051257,-0.064835,0.01577,0.016622,0.002042,-0.015466,0.002347,0.004155,0.036963,-0.080361,0.034739,0.031853,0.032044,-0.033866,0.016346,0.016516,-0.040347,-0.010821,-0.075659,0.081025,0.028689,-0.002326,-0.016473,-0.077236,0.074641,0.036365,-0.278792,0.250668,0.053937,0.002857,-0.015557,-0.090871,-0.113209,0.213182,-0.041743,-0.218099,0.166291,0.088734,-0.040873,0.062976,-0.094737,0.037457,0.037475,-0.002006,-0.143216,-0.171155,0.250813,0.281504,-0.283115,-0.011582,-0.084552,0.11465,0.024879,-0.134643,0.059132,0.085826,0.027939,-0.03353,0.002994,-0.165063,0.109723,0.083298,,,,,,,,,,,,,,,,,,,,,,,,,,,,,,,,,,,,,,,,,,,,,,,,,,,,,,,,,,,,,,,,,,,,,,,,,,,,,,,,,
,,,,,,,,,,,58.81280573183313,65.51791031635598,60.2319943485641,,2.6268600342399973,3.8220788668686234,2.627984572342036,4.050065868116318,,,,,-0.2762753463541685,0.13104120509301254,0.22448195681124616,-0.2899188524534111,,,,,,,,,,,,,,,,,,,,,,,,,,,,,,,,,,,,,,,,,,,,,,,,,,,,,,,,,,,,,,,0.047841,-0.076005,0.065129,-0.012616,-0.019421,0.000278,0.0644,-0.028442,-0.125923,0.133523,0.011552,-0.052008,0.006361,0.051639,-0.053773,0.032297,-0.014853,-0.001124,0.034198,-0.046741,0.020337,-0.003749,0.171151,-0.14713,-0.010926,0.115758,-0.152677,-0.05566,0.242761,-0.118756,0.012555,0.062031,-0.103382,0.089354,0.051118,-0.064816,0.015755,0.016666,0.002023,-0.015467,0.002294,0.004169,0.036976,-0.080358,0.034758,0.031865,0.032061,-0.03382,0.016406,0.016511,-0.040315,-0.010999,-0.075735,0.080991,0.028694,-0.002304,-0.016401,-0.077137,0.074671,0.03644,-0.278786,0.250689,0.053939,0.002876,-0.015589,-0.090872,-0.113187,0.213186,-0.041717,-0.218345,0.166336,0.088791,-0.040901,0.062963,-0.094738,0.037438,0.037481,-0.001999,-0.143214,-0.171146,0.250775,0.281512,-0.283137,-0.011603,-0.084481,0.114632,0.024863,-0.134646,0.059091,0.085817,0.027983,-0.033548,0.002985,-0.165078,0.109796,0.083293,,,,,,,,,,,,,,,,,,,,,,,,,,,,,,,,,,,,,,,,,,,,,,,,,,,,,,,,,,,,,,,,,,,,,,,,,,,,,,,,,
,,,,,,,,,,,58.811933092058,65.53863837161873,60.239242542503284,,2.626409586742457,3.8455379045305698,2.630517911699415,4.0536403410824215,,,,,-0.27719818401158136,0.16928935818627266,0.23415389734881842,-0.297254519349508,,,,,,,,,,,,,,,,,,,,,,,,,,,,,,,,,,,,,,,,,,,,,,,,,,,,,,,,,,,,,,,0.047935,-0.076252,0.065113,-0.012673,-0.01947,0.000412,0.0646,-0.02828,-0.125963,0.133528,0.011644,-0.051957,0.006345,0.051669,-0.05374,0.032318,-0.014759,-0.001294,0.034202,-0.046583,0.020205,-0.003647,0.170991,-0.14722,-0.010961,0.115728,-0.152657,-0.05564,0.242753,-0.118766,0.012531,0.062011,-0.103405,0.089392,0.051106,-0.064972,0.01576,0.016677,0.002031,-0.015518,0.00229,0.004128,0.036992,-0.080344,0.034713,0.031847,0.032043,-0.033833,0.016357,0.01651,-0.040387,-0.010955,-0.075902,0.081001,0.028729,-0.002346,-0.016471,-0.077136,0.074664,0.036471,-0.278757,0.250631,0.053977,0.002875,-0.015837,-0.090897,-0.113188,0.213138,-0.041752,-0.218254,0.166311,0.088661,-0.040899,0.062953,-0.094743,0.037439,0.037498,-0.002028,-0.143187,-0.171129,0.250871,0.281525,-0.283079,-0.011527,-0.084466,0.114625,0.024884,-0.134674,0.059114,0.085787,0.028033,-0.033515,0.003001,-0.165062,0.109784,0.083312,,,,,,,,,,,,,,,,,,,,,,,,,,,,,,,,,,,,,,,,,,,,,,,,,,,,,,,,,,,,,,,,,,,,,,,,,,,,,,,,,
,,,,,,,,,,,58.814088287074426,65.49518102647035,60.253254497870884,,2.630288680852642,3.794573017658939,2.634994099386546,4.0522326618909075,,,,,-0.26743644809721445,0.0857040789450636,0.2511360501131037,-0.29469560322399957,,,,,,,,,,,,,,,,,,,,,,,,,,,,,,,,,,,,,,,,,,,,,,,,,,,,,,,,,,,,,,,0.04779,-0.076137,0.065099,-0.012645,-0.019468,0.000245,0.064376,-0.028034,-0.125903,0.133546,0.011548,-0.051983,0.006361,0.051687,-0.053719,0.032308,-0.014754,-0.001365,0.034118,-0.046505,0.020143,-0.003734,0.171018,-0.147029,-0.010993,0.115715,-0.152635,-0.0556,0.242739,-0.118787,0.012517,0.062031,-0.103393,0.089304,0.051255,-0.064864,0.015716,0.016678,0.002132,-0.015413,0.002293,0.004107,0.036995,-0.080365,0.034725,0.03184,0.032077,-0.033829,0.016325,0.01652,-0.040333,-0.011038,-0.075778,0.081122,0.028779,-0.002544,-0.016505,-0.077142,0.074629,0.03644,-0.278765,0.250677,0.054024,0.002805,-0.015877,-0.090836,-0.113283,0.213103,-0.041753,-0.218033,0.166306,0.088623,-0.040888,0.062915,-0.09475,0.037406,0.037483,-0.00202,-0.143207,-0.171152,0.250603,0.281453,-0.283248,-0.011479,-0.084503,0.1147,0.024895,-0.134603,0.059126,0.085823,0.02798,-0.033489,0.002977,-0.16505,0.10978,0.083303,,,,,,,,,,,,,,,,,,,,,,,,,,,,,,,,,,,,,,,,,,,,,,,,,,,,,,,,,,,,,,,,,,,,,,,,,,,,,,,,,
,,,,,,,,,,,58.817071473841956,65.43811448224368,60.26876851177817,,2.632859171124413,3.728291658601972,2.640491803723864,4.0528127616913565,,,,,-0.261197149648865,-0.02395703939885152,0.2716458781447102,-0.29604395904925696,,,,,,,,,,,,,,,,,,,,,,,,,,,,,,,,,,,,,,,,,,,,,,,,,,,,,,,,,,,,,,,0.047913,-0.076198,0.065104,-0.012691,-0.019428,8.9e-05,0.064206,-0.028255,-0.125894,0.133527,0.011506,-0.052011,0.006336,0.051712,-0.053711,0.032285,-0.01477,-0.001385,0.03389,-0.046358,0.020291,-0.003797,0.17109,-0.147028,-0.010947,0.115746,-0.152653,-0.055633,0.242766,-0.118802,0.012552,0.061999,-0.103369,0.089359,0.051196,-0.06483,0.015752,0.016677,0.002041,-0.015464,0.0023,0.004143,0.036989,-0.080361,0.034687,0.031841,0.032092,-0.033778,0.016363,0.016535,-0.040375,-0.010948,-0.075652,0.081121,0.028663,-0.002471,-0.016464,-0.077155,0.074653,0.036462,-0.278811,0.250746,0.054022,0.002817,-0.015796,-0.090788,-0.113323,0.213054,-0.041748,-0.218187,0.166277,0.088728,-0.040914,0.062941,-0.094752,0.037416,0.037471,-0.002042,-0.143215,-0.171147,0.250741,0.281484,-0.283169,-0.011612,-0.08446,0.114622,0.024841,-0.134669,0.059129,0.085796,0.027962,-0.033491,0.002965,-0.165081,0.109757,0.083309,,,,,,,,,,,,,,,,,,,,,,,,,,,,,,,,,,,,,,,,,,,,,,,,,,,,,,,,,,,,,,,,,,,,,,,,,,,,,,,,,
,,,,,,,,,,,58.81749206630874,65.43369074318932,60.27735521846565,,2.6330601096232322,3.724094992625718,2.6435621092722164,4.050542349956891,,,,,-0.2606356991325356,-0.030767487348839495,0.2833392606495977,-0.2913464688658678,,,,,,,,,,,,,,,,,,,,,,,,,,,,,,,,,,,,,,,,,,,,,,,,,,,,,,,,,,,,,,,0.047761,-0.076154,0.065085,-0.012609,-0.019453,0.000229,0.064381,-0.02844,-0.125917,0.133515,0.011518,-0.052038,0.006409,0.051711,-0.05372,0.032278,-0.014791,-0.001287,0.03377,-0.046362,0.020255,-0.003722,0.171018,-0.147133,-0.010994,0.115727,-0.152631,-0.055584,0.242763,-0.118775,0.012517,0.061994,-0.103351,0.089349,0.051227,-0.064854,0.015769,0.016654,0.002027,-0.015565,0.002312,0.004135,0.037022,-0.080382,0.034713,0.031813,0.032086,-0.033777,0.016396,0.01657,-0.040262,-0.011043,-0.075674,0.081018,0.028694,-0.002324,-0.016487,-0.077132,0.074663,0.036466,-0.278774,0.250715,0.053955,0.002831,-0.015647,-0.090815,-0.113363,0.213026,-0.04173,-0.218184,0.166307,0.088677,-0.040911,0.062937,-0.094755,0.037392,0.037475,-0.002026,-0.143202,-0.171131,0.250703,0.281474,-0.283166,-0.011563,-0.084469,0.114633,0.024858,-0.134703,0.059095,0.085803,0.028009,-0.033483,0.002982,-0.165106,0.10972,0.083269,,,,,,,,,,,,,,,,,,,,,,,,,,,,,,,,,,,,,,,,,,,,,,,,,,,,,,,,,,,,,,,,,,,,,,,,,,,,,,,,,
,,,,,,,,,,,58.8193544389227,65.45679643267947,60.28496740508164,,2.6351570682748746,3.750053133454374,2.6460748845935176,4.05284384242155,,,,,-0.25550243088355273,0.012374162330651473,0.2932102653169295,-0.29584098464488306,,,,,,,,,,,,,,,,,,,,,,,,,,,,,,,,,,,,,,,,,,,,,,,,,,,,,,,,,,,,,,,0.04793,-0.076298,0.065123,-0.012598,-0.019473,0.00015,0.064311,-0.02838,-0.125945,0.133436,0.011519,-0.052026,0.006426,0.051673,-0.053738,0.032252,-0.014799,-0.001359,0.033841,-0.046338,0.020344,-0.003792,0.171061,-0.14704,-0.011012,0.115709,-0.152608,-0.055552,0.242776,-0.118807,0.012475,0.061964,-0.103329,0.089387,0.051213,-0.064876,0.015737,0.016605,0.002044,-0.015407,0.002298,0.004143,0.037012,-0.080387,0.034702,0.031854,0.032092,-0.033761,0.016361,0.016592,-0.040203,-0.010889,-0.075786,0.08104,0.028685,-0.00235,-0.016486,-0.077199,0.07467,0.036474,-0.278798,0.250737,0.053948,0.002848,-0.015732,-0.090901,-0.11336,0.21304,-0.041747,-0.218234,0.166277,0.088718,-0.040931,0.062971,-0.094714,0.037391,0.037462,-0.002046,-0.143196,-0.171123,0.25083,0.281511,-0.283087,-0.011629,-0.084526,0.114661,0.024878,-0.134648,0.059126,0.085825,0.028001,-0.033481,0.002965,-0.165088,0.109704,0.083262,,,,,,,,,,,,,,,,,,,,,,,,,,,,,,,,,,,,,,,,,,,,,,,,,,,,,,,,,,,,,,,,,,,,,,,,,,,,,,,,,
,,,,,,,,,,,58.81956859405782,65.4840147715241,60.293391301470066,,2.6365569546718777,3.7816600541382885,2.6491074041001452,4.052455520667708,,,,,-0.2520379912218118,0.06463361299266879,0.3045584990577481,-0.2942532943495735,,,,,,,,,,,,,,,,,,,,,,,,,,,,,,,,,,,,,,,,,,,,,,,,,,,,,,,,,,,,,,,0.048123,-0.075981,0.065051,-0.01265,-0.019466,7.6e-05,0.064241,-0.028183,-0.126173,0.13314,0.011411,-0.052,0.006446,0.051666,-0.053736,0.032258,-0.014778,-0.001414,0.034068,-0.046412,0.020357,-0.003713,0.17102,-0.147213,-0.011041,0.115687,-0.152582,-0.055498,0.242809,-0.118836,0.012448,0.061924,-0.103331,0.08942,0.051137,-0.064845,0.015728,0.016659,0.002031,-0.015451,0.002268,0.004101,0.037002,-0.080388,0.034705,0.031826,0.032117,-0.033727,0.016366,0.01662,-0.0402,-0.010959,-0.075847,0.081155,0.02865,-0.00253,-0.01629,-0.077289,0.074664,0.036425,-0.278803,0.250683,0.05396,0.002849,-0.015857,-0.090906,-0.113349,0.213096,-0.041722,-0.218293,0.166307,0.0887,-0.040893,0.062932,-0.094718,0.037425,0.037456,-0.002077,-0.143193,-0.171102,0.250697,0.281463,-0.283181,-0.011603,-0.084476,0.114619,0.024874,-0.134673,0.059134,0.085792,0.028044,-0.033483,0.002992,-0.16513,0.109708,0.083246,,,,,,,,,,,,,,,,,,,,,,,,,,,,,,,,,,,,,,,,,,,,,,,,,,,,,,,,,,,,,,,,,,,,,,,,,,,,,,,,,
,,,,,,,,,,,58.82122348294,65.53818661737523,60.301226442109254,,2.6348494820454773,3.788273211025449,2.652096228984233,4.051705284990317,,,,,-0.256378162014812,0.10875794048955001,0.3160123172054057,-0.2939633102505468,,,,,,,,,,,,,,,,,,,,,,,,,,,,,,,,,,,,,,,,,,,,,,,,,,,,,,,,,,,,,,,0.048152,-0.075954,0.065022,-0.012727,-0.019564,0.000362,0.064612,-0.028084,-0.126154,0.133283,0.011265,-0.051786,0.006461,0.051637,-0.05375,0.032247,-0.014806,-0.001379,0.034117,-0.046447,0.020336,-0.003719,0.170973,-0.14721,-0.011077,0.115655,-0.152539,-0.055465,0.242833,-0.118837,0.012409,0.061935,-0.103314,0.089412,0.051178,-0.064993,0.015704,0.016663,0.002053,-0.015382,0.002274,0.004132,0.036955,-0.080412,0.034707,0.031841,0.032128,-0.033725,0.01635,0.016624,-0.040171,-0.01111,-0.075728,0.081055,0.02874,-0.002442,-0.016298,-0.077123,0.074711,0.036376,-0.278826,0.25069,0.053963,0.002868,-0.015821,-0.090865,-0.1133,0.213108,-0.041744,-0.218237,0.166311,0.088716,-0.040882,0.062954,-0.094727,0.03744,0.037439,-0.002105,-0.143184,-0.171116,0.250883,0.281501,-0.283093,-0.011594,-0.084509,0.114607,0.024865,-0.134688,0.059093,0.085795,0.028021,-0.033467,0.002963,-0.165114,0.109673,0.083262,,,,,,,,,,,,,,,,,,,,,,,,,,,,,,,,,,,,,,,,,,,,,,,,,,,,,,,,,,,,,,,,,,,,,,,,,,,,,,,,,
,,,,,,,,,,,58.820367836230425,65.52403514094794,60.3044625419259,,2.636600453000015,3.808612389268021,2.6533305128951623,4.057428885089649,,,,,-0.25171702465036105,0.14176476129476967,0.3206022670701998,-0.3056759753235383,,,,,,,,,,,,,,,,,,,,,,,,,,,,,,,,,,,,,,,,,,,,,,,,,,,,,,,,,,,,,,,0.048103,-0.075963,0.065015,-0.012804,-0.019537,0.000251,0.064473,-0.0283,-0.126005,0.13338,0.011506,-0.051817,0.006477,0.051665,-0.053746,0.032235,-0.014919,-0.001183,0.034167,-0.046602,0.020369,-0.003723,0.171001,-0.147265,-0.011067,0.115668,-0.152568,-0.055464,0.242864,-0.118869,0.012388,0.061934,-0.103324,0.08941,0.051148,-0.06489,0.015633,0.016721,0.002103,-0.015291,0.002323,0.004168,0.03692,-0.080416,0.034719,0.031835,0.032166,-0.033747,0.016393,0.016613,-0.040252,-0.011157,-0.075778,0.081025,0.028655,-0.00236,-0.016473,-0.077122,0.074796,0.036493,-0.278819,0.250644,0.053968,0.002853,-0.015565,-0.090766,-0.113193,0.213168,-0.041747,-0.218232,0.166328,0.088726,-0.040858,0.062968,-0.094701,0.037476,0.037401,-0.002119,-0.143196,-0.171127,0.250709,0.281476,-0.283187,-0.011573,-0.084505,0.114659,0.024808,-0.134563,0.059091,0.085811,0.028025,-0.033452,0.002951,-0.165175,0.109646,0.08325,,,,,,,,,,,,,,,,,,,,,,,,,,,,,,,,,,,,,,,,,,,,,,,,,,,,,,,,,,,,,,,,,,,,,,,,,,,,,,,,,
,,,,,,,,,,,58.8190441302465,65.4655332407646,60.32512045846214,,2.640117773578861,3.8287255186337648,2.6602459974741226,4.05693471234498,,,,,-0.23876148885517523,0.02969271852692046,0.34663376907269594,-0.3032906868228338,,,,,,,,,,,,,,,,,,,,,,,,,,,,,,,,,,,,,,,,,,,,,,,,,,,,,,,,,,,,,,,0.047871,-0.076137,0.064965,-0.012745,-0.019512,0.000112,0.064285,-0.02825,-0.126207,0.133114,0.011429,-0.051933,0.006466,0.051688,-0.053758,0.032229,-0.014914,-0.001071,0.033956,-0.04649,0.020374,-0.0037,0.171104,-0.147414,-0.011061,0.115683,-0.152546,-0.05549,0.24282,-0.118853,0.012401,0.06192,-0.103311,0.089462,0.05108,-0.064982,0.015644,0.016736,0.002085,-0.015298,0.002309,0.004197,0.036932,-0.080406,0.034703,0.031882,0.032154,-0.033754,0.016401,0.016639,-0.04027,-0.011171,-0.075921,0.081085,0.028597,-0.002501,-0.01634,-0.077242,0.074728,0.036406,-0.27887,0.250633,0.053957,0.002866,-0.015291,-0.090743,-0.113225,0.213229,-0.041751,-0.218286,0.166274,0.088704,-0.040865,0.062997,-0.094673,0.037447,0.037405,-0.002104,-0.143201,-0.171111,0.250849,0.281545,-0.283083,-0.011582,-0.084486,0.114608,0.02477,-0.134612,0.059074,0.08582,0.028054,-0.033458,0.00293,-0.16517,0.109619,0.083221,,,,,,,,,,,,,,,,,,,,,,,,,,,,,,,,,,,,,,,,,,,,,,,,,,,,,,,,,,,,,,,,,,,,,,,,,,,,,,,,,
,,,,,,,,,,,58.82675473473748,65.30967415870502,60.3416966405998,,2.64540881682705,3.7605877639667367,2.665840343535322,4.05333518392237,,,,,-0.22986622277630886,-0.09860627938854805,0.3675387234718528,-0.2969945986158109,,,,,,,,,,,,,,,,,,,,,,,,,,,,,,,,,,,,,,,,,,,,,,,,,,,,,,,,,,,,,,,0.047747,-0.076329,0.065053,-0.012729,-0.019486,6.1e-05,0.064223,-0.028028,-0.126292,0.133065,0.011242,-0.051741,0.006478,0.051675,-0.053783,0.032238,-0.014852,-0.001136,0.033777,-0.046314,0.020424,-0.003651,0.17109,-0.147326,-0.011106,0.115667,-0.152576,-0.055486,0.242829,-0.118884,0.012408,0.061892,-0.103299,0.08945,0.051171,-0.064965,0.015639,0.01675,0.0021,-0.015268,0.002312,0.004185,0.036927,-0.0804,0.034726,0.031853,0.032152,-0.033697,0.01637,0.016643,-0.040188,-0.011037,-0.075934,0.081144,0.028604,-0.00266,-0.016215,-0.077201,0.074715,0.036338,-0.278876,0.250627,0.053965,0.00289,-0.015358,-0.090773,-0.113299,0.213155,-0.041734,-0.218396,0.166311,0.088719,-0.040853,0.062988,-0.094669,0.037446,0.03741,-0.002083,-0.143189,-0.171092,0.250755,0.281482,-0.283156,-0.011508000000000001,-0.084504,0.114584,0.024791,-0.134598,0.059095,0.085831,0.028081,-0.033477,0.002954,-0.165185,0.109675,0.083207,,,,,,,,,,,,,,,,,,,,,,,,,,,,,,,,,,,,,,,,,,,,,,,,,,,,,,,,,,,,,,,,,,,,,,,,,,,,,,,,,
,,,,,,,,,,,58.82842337972794,65.34400111625406,60.35814091630959,,2.64865272952613,3.6833006084161557,2.6717754966811933,4.053745344355406,,,,,-0.22217243764697514,-0.20445250272194926,0.39015837697479583,-0.298019906583022,,,,,,,,,,,,,,,,,,,,,,,,,,,,,,,,,,,,,,,,,,,,,,,,,,,,,,,,,,,,,,,0.048048,-0.07609,0.065024,-0.012793,-0.019551,0.000331,0.064578,-0.028216,-0.126255,0.13319,0.011331,-0.051691,0.006495,0.051647,-0.053777,0.032195,-0.014826,-0.001247,0.03377,-0.046256,0.020458,-0.003725,0.170974,-0.147227,-0.011125,0.115634,-0.152515,-0.05542,0.242862,-0.118891,0.012339,0.061861,-0.103296,0.089372,0.051238,-0.064883,0.015678,0.016743,0.002079,-0.015273,0.002346,0.004182,0.036894,-0.080407,0.034737,0.031865,0.032123,-0.033725,0.016365,0.016594,-0.040293,-0.010864,-0.075811,0.081042,0.028703,-0.00251,-0.016237,-0.077142,0.074775,0.036444,-0.278873,0.25061,0.053964,0.002876,-0.015553,-0.090846,-0.113334,0.213065,-0.041715,-0.218438,0.166294,0.088792,-0.040856,0.062999,-0.094698,0.037408,0.037414,-0.002087,-0.143201,-0.171102,0.250619,0.281403,-0.283245,-0.01157,-0.084467,0.114561,0.024763,-0.134655,0.059088,0.085825,0.028078,-0.033465,0.002969,-0.165161,0.109662,0.083216,,,,,,,,,,,,,,,,,,,,,,,,,,,,,,,,,,,,,,,,,,,,,,,,,,,,,,,,,,,,,,,,,,,,,,,,,,,,,,,,,
,,,,,,,,,,,58.83089643935528,65.34594420049633,60.368020718333895,,2.653151526368891,3.620174636700343,2.674968789899118,4.054992624361843,,,,,-0.21104509123625803,-0.20340133595698262,0.4021109722035021,-0.304852662669191,,,,,,,,,,,,,,,,,,,,,,,,,,,,,,,,,,,,,,,,,,,,,,,,,,,,,,,,,,,,,,,0.047854,-0.075963,0.064954,-0.012815,-0.019549,0.000284,0.064538,-0.028063,-0.126109,0.133351,0.011523,-0.051747,0.006536,0.051679,-0.053748,0.032225,-0.014824,-0.001387,0.033965,-0.046298,0.020492,-0.003781,0.17102,-0.147447,-0.011129,0.115636,-0.152486,-0.055421,0.242863,-0.118909,0.012328,0.061866,-0.103307,0.089474,0.051057,-0.064906,0.015705,0.016702,0.002062,-0.015319,0.002298,0.004157,0.036883,-0.080385,0.034736,0.031876,0.032179,-0.0337,0.016396,0.016624,-0.040338,-0.011048,-0.075846,0.081003,0.028635,-0.002387,-0.016365,-0.077091,0.074823,0.036503,-0.278887,0.250634,0.053931,0.002883,-0.015772,-0.090892,-0.113318,0.213052,-0.041703,-0.218372,0.166268,0.0888,-0.04086,0.062986,-0.0947,0.037442,0.037438,-0.002049,-0.143177,-0.171106,0.250839,0.281489,-0.28315,-0.011685,-0.084477,0.114515,0.024807,-0.134685,0.059116,0.08584,0.028027,-0.033474,0.00298,-0.165175,0.109708,0.08323,,,,,,,,,,,,,,,,,,,,,,,,,,,,,,,,,,,,,,,,,,,,,,,,,,,,,,,,,,,,,,,,,,,,,,,,,,,,,,,,,
,,,,,,,,,,,58.83207468918707,65.3640306900816,60.37500182998301,,2.6533992328108744,3.6207507675319,2.67808573689064,4.061584330384488,,,,,-0.21020140950298583,-0.16964516627086823,0.413427079518641,-0.31467935723662777,,,,,,,,,,,,,,,,,,,,,,,,,,,,,,,,,,,,,,,,,,,,,,,,,,,,,,,,,,,,,,,0.047745,-0.076302,0.064981,-0.012708,-0.019499,8.9e-05,0.06429,-0.027908,-0.126016,0.133353,0.011619,-0.051878,0.006481,0.051646,-0.053794,0.032218,-0.014851,-0.00132,0.034193,-0.046473,0.020448,-0.003647,0.170942,-0.147407,-0.011092,0.115655,-0.15253,-0.055389,0.242865,-0.11892,0.012307,0.061895,-0.103277,0.089482,0.051086,-0.065077,0.015656,0.016708,0.002063,-0.015482,0.002251,0.004113,0.036919,-0.080405,0.034751,0.031888,0.03216,-0.033741,0.016353,0.016578,-0.040269,-0.01103,-0.075953,0.081144,0.028596,-0.002622,-0.016506,-0.077166,0.074748,0.036508,-0.278861,0.250626,0.05397,0.00286,-0.01576,-0.090846,-0.113216,0.213126,-0.041714,-0.218348,0.166318,0.088731,-0.040881,0.062951,-0.094721,0.037455,0.037461,-0.002023,-0.143196,-0.171141,0.250926,0.28154,-0.283085,-0.011585,-0.084482,0.114524,0.024826,-0.134707,0.059124,0.085805,0.028017,-0.033468,0.002985,-0.165134,0.109697,0.083225,,,,,,,,,,,,,,,,,,,,,,,,,,,,,,,,,,,,,,,,,,,,,,,,,,,,,,,,,,,,,,,,,,,,,,,,,,,,,,,,,
,,,,,,,,,,,58.831884759222326,65.42511427457782,60.38136302175526,,2.6533817816091827,3.6406782313890007,2.6802311694541046,4.0640582587090845,,,,,-0.21060070172018186,-0.11987621543954674,0.42172537694924017,-0.31966662442539473,,,,,,,,,,,,,,,,,,,,,,,,,,,,,,,,,,,,,,,,,,,,,,,,,,,,,,,,,,,,,,,0.047924,-0.076288,0.065034,-0.012798,-0.019535,0.000188,0.064449,-0.027871,-0.126214,0.133108,0.011429,-0.051966,0.0065,0.051678,-0.053758,0.032238,-0.014944,-0.001164,0.034159,-0.046607,0.020283,-0.003593,0.171066,-0.147507,-0.011144,0.115616,-0.152533,-0.055428,0.242868,-0.11893,0.012339,0.06188,-0.103268,0.08943,0.05115,-0.065005,0.015642,0.016655,0.002087,-0.01538,0.00222,0.004129,0.036946,-0.080408,0.034726,0.031856,0.032191,-0.033723,0.01638,0.016534,-0.040326,-0.010893,-0.075966,0.081124,0.028684,-0.002662,-0.016328,-0.077264,0.074664,0.036434,-0.278858,0.250657,0.053959,0.002829,-0.015563,-0.090824,-0.113158,0.213202,-0.041693,-0.218168,0.166305,0.088619,-0.04091,0.062944,-0.094723,0.03743,0.037483,-0.002012,-0.143184,-0.171133,0.250776,0.281479,-0.283153,-0.011553,-0.084536,0.114586,0.024852,-0.134696,0.059114,0.085792,0.028031,-0.033495,0.002988,-0.165128,0.109717,0.083208,,,,,,,,,,,,,,,,,,,,,,,,,,,,,,,,,,,,,,,,,,,,,,,,,,,,,,,,,,,,,,,,,,,,,,,,,,,,,,,,,
,,,,,,,,,,,58.831898948359324,65.41800181691218,60.39365132807966,,2.654329374009169,3.648026574575287,2.6843020570611658,4.063982639700772,,,,,-0.2080802007768625,-0.06593333562409498,0.43704032155977757,-0.3193886159156136,,,,,,,,,,,,,,,,,,,,,,,,,,,,,,,,,,,,,,,,,,,,,,,,,,,,,,,,,,,,,,,0.048017,-0.076052,0.064947,-0.012793,-0.019544,0.000281,0.064532,-0.02788,-0.126156,0.133218,0.011315,-0.051799,0.006524,0.05165,-0.053795,0.032246,-0.014952,-0.00108,0.034222,-0.046659,0.020397,-0.003594,0.171034,-0.147556,-0.011145,0.115627,-0.152515,-0.055389,0.242894,-0.118897,0.012279,0.061884,-0.103264,0.089455,0.051144,-0.065023,0.015648,0.016716,0.002123,-0.015405,0.00224,0.004135,0.036935,-0.080422,0.034773,0.031881,0.032147,-0.033718,0.016442,0.016504,-0.040416,-0.010961,-0.07594,0.081154,0.028736,-0.002637,-0.01637,-0.07722,0.074694,0.036387,-0.278826,0.250702,0.054007,0.00278,-0.015497,-0.090878,-0.113151,0.21326,-0.041701,-0.218328,0.166348,0.088661,-0.040931,0.062885,-0.094774,0.037426,0.037493,-0.001981,-0.143189,-0.171125,0.250878,0.281494,-0.283109,-0.011623,-0.084458,0.114669,0.024839,-0.13466,0.05906,0.085784,0.028062,-0.033474,0.003006,-0.165119,0.10978,0.08324,,,,,,,,,,,,,,,,,,,,,,,,,,,,,,,,,,,,,,,,,,,,,,,,,,,,,,,,,,,,,,,,,,,,,,,,,,,,,,,,,
,,,,,,,,,,,58.83035455298574,65.48063557176029,60.39584632320966,,2.6532483522484047,3.7029969013329334,2.6847390712281087,4.064695117602757,,,,,-0.21052453002346283,0.05451696978867204,0.44004501751503255,-0.32285488958518727,,,,,,,,,,,,,,,,,,,,,,,,,,,,,,,,,,,,,,,,,,,,,,,,,,,,,,,,,,,,,,,0.047816,-0.076231,0.064936,-0.012827,-0.019533,0.000226,0.064495,-0.027944,-0.126188,0.133173,0.011434,-0.051841,0.006471,0.051671,-0.053772,0.032182,-0.01493,-0.001234,0.034228,-0.046555,0.020459,-0.003589,0.171013,-0.147549,-0.011163,0.115621,-0.152524,-0.055394,0.242881,-0.118953,0.012287,0.061842,-0.103387,0.089442,0.051111,-0.06496,0.015639,0.016677,0.002099,-0.015409,0.002227,0.004138,0.036901,-0.080395,0.034752,0.03188,0.032176,-0.033716,0.016387,0.016447,-0.040393,-0.011073,-0.075865,0.081179,0.028707,-0.002644,-0.016377,-0.077244,0.074686,0.036431,-0.278812,0.25077,0.054022,0.002797,-0.015704,-0.090898,-0.113181,0.213192,-0.041682,-0.218336,0.166347,0.088717,-0.040964,0.062895,-0.094769,0.037431,0.03752,-0.001961,-0.143339,-0.171144,0.25069,0.281452,-0.28321,-0.011585,-0.084476,0.114638,0.024883,-0.134691,0.059062,0.085795,0.028036,-0.033473,0.003002,-0.165076,0.109777,0.083265,,,,,,,,,,,,,,,,,,,,,,,,,,,,,,,,,,,,,,,,,,,,,,,,,,,,,,,,,,,,,,,,,,,,,,,,,,,,,,,,,
,,,,,,,,,,,58.83223706081675,65.56821554266348,60.39713515384927,,2.647710819617016,3.775723759133578,2.685933757703953,4.068086849697917,,,,,-0.22402690147254134,0.21940319480948034,0.4425152532264178,-0.32814066553737575,,,,,,,,,,,,,,,,,,,,,,,,,,,,,,,,,,,,,,,,,,,,,,,,,,,,,,,,,,,,,,,0.047884,-0.076366,0.064905,-0.012788,-0.019475,0.000131,0.064354,-0.027875,-0.126241,0.133077,0.01141,-0.051823,0.006503,0.051689,-0.053742,0.03224,-0.014881,-0.001322,0.034223,-0.046479,0.020412,-0.003573,0.17099,-0.147521,-0.011083,0.115629,-0.152528,-0.055331,0.242907,-0.118926,0.012268,0.061918,-0.103429,0.089335,0.051292,-0.065034,0.015603,0.016689,0.002138,-0.015493,0.002267,0.004111,0.03688,-0.080408,0.034563,0.031766,0.032182,-0.033762,0.01634,0.016365,-0.040553,-0.010951,-0.075864,0.081236,0.028668,-0.00266,-0.016514,-0.077194,0.074658,0.036396,-0.278759,0.250714,0.053951,0.002827,-0.015829,-0.090906,-0.113198,0.213147,-0.041644,-0.21826,0.166346,0.088691,-0.040974,0.062855,-0.094802,0.037388,0.037528,-0.00171,-0.143386,-0.171431,0.250813,0.281456,-0.283154,-0.011599,-0.084461,0.114684,0.024901,-0.134715,0.059033,0.085779,0.028009,-0.033348,0.002998,-0.165031,0.109705,0.083257,,,,,,,,,,,,,,,,,,,,,,,,,,,,,,,,,,,,,,,,,,,,,,,,,,,,,,,,,,,,,,,,,,,,,,,,,,,,,,,,,
,,,,,,,,,,,58.82528993670264,65.61975335254292,60.402381728342455,,2.6462981063593785,3.8763925732552535,2.6867772387521347,4.069040899520781,,,,,-0.22746921239365747,0.31826071717030047,0.4454666586256053,-0.3300975692013708,,,,,,,,,,,,,,,,,,,,,,,,,,,,,,,,,,,,,,,,,,,,,,,,,,,,,,,,,,,,,,,0.04801,-0.076341,0.06503,-0.012737,-0.019548,0.000361,0.064637,-0.028033,-0.126215,0.133069,0.011376,-0.051879,0.006482,0.051667,-0.05376,0.032334,-0.014896,-0.001327,0.034099,-0.046488,0.020513,-0.003658,0.171027,-0.147279,-0.011053,0.115649,-0.152659,-0.055515,0.242781,-0.11894,0.012393,0.061957,-0.103434,0.089359,0.051238,-0.064734,0.015673,0.016688,0.002202,-0.015504,0.002344,0.004221,0.037004,-0.080435,0.034508,0.031711,0.032114,-0.033794,0.016271,0.016298,-0.040559,-0.01098,-0.0755,0.081185,0.028764,-0.002598,-0.01663,-0.077201,0.074756,0.036498,-0.27875,0.250646,0.05399,0.002592,-0.01584,-0.090876,-0.113179,0.213174,-0.041629,-0.218334,0.166354,0.088781,-0.041041,0.062837,-0.094835,0.037358,0.037807,-0.001601,-0.143384,-0.171572,0.250287,0.281421,-0.283217,-0.011545,-0.084479,0.114751,0.024936,-0.134702,0.059034,0.085773,0.028027,-0.033281,0.003002,-0.16506,0.109674,0.083278,,,,,,,,,,,,,,,,,,,,,,,,,,,,,,,,,,,,,,,,,,,,,,,,,,,,,,,,,,,,,,,,,,,,,,,,,,,,,,,,,
,,,,,,,,,,,58.82700169036299,65.65141263233684,60.40505509153384,,2.649038338813139,3.9370471502036404,2.688256144064699,4.077161681967523,,,,,-0.2207079494237405,0.3796879234776078,0.45082924978709116,-0.34698916188517615,,,,,,,,,,,,,,,,,,,,,,,,,,,,,,,,,,,,,,,,,,,,,,,,,,,,,,,,,,,,,,,0.048126,-0.076057,0.065113,-0.012722,-0.01953,0.000574,0.064869,-0.027855,-0.126305,0.132998,0.011328,-0.051944,0.006414,0.051617,-0.053784,0.032335,-0.01489,-0.001405,0.034021,-0.046625,0.020546,-0.003726,0.171061,-0.147219,-0.011028,0.115662,-0.152679,-0.05563,0.242744,-0.118839,0.012451,0.06198,-0.103446,0.089326,0.051295,-0.064764,0.015784,0.016616,0.002033,-0.01546,0.002343,0.004249,0.037056,-0.080422,0.034538,0.031694,0.03208,-0.033813,0.016261,0.016228,-0.04058,-0.010779,-0.075516,0.081301,0.028668,-0.002521,-0.016527,-0.07724,0.074751,0.036492,-0.278533,0.25088,0.054059,0.002447,-0.015972,-0.090814,-0.113098,0.213252,-0.041616,-0.218333,0.166325,0.088799,-0.041096,0.062671,-0.094966,0.037382,0.037924,-0.001576,-0.14339,-0.171576,0.250289,0.281471,-0.283113,-0.011481,-0.08431,0.114855,0.024932,-0.134784,0.058885,0.085726,0.028144,-0.033258,0.003048,-0.165089,0.109704,0.083236,,,,,,,,,,,,,,,,,,,,,,,,,,,,,,,,,,,,,,,,,,,,,,,,,,,,,,,,,,,,,,,,,,,,,,,,,,,,,,,,,
,,,,,,,,,,,58.82792294673445,65.68127430347316,60.410451997868044,,2.6488561254120113,3.9750097449456394,2.689512835949236,4.078621256183618,,,,,-0.2212903309482499,0.4366920403023755,0.45538312150031857,-0.3500459875360775,,,,,,,,,,,,,,,,,,,,,,,,,,,,,,,,,,,,,,,,,,,,,,,,,,,,,,,,,,,,,,,0.048228,-0.075792,0.065091,-0.012744,-0.01947,0.000445,0.064692,-0.028004,-0.126129,0.133186,0.01131,-0.051854,0.006374,0.051673,-0.053722,0.032286,-0.014918,-0.001334,0.033945,-0.046701,0.020517,-0.003741,0.171108,-0.147191,-0.011029,0.115667,-0.152713,-0.055688,0.242728,-0.118784,0.012505,0.061983,-0.103454,0.089322,0.051278,-0.064733,0.015781,0.016561,0.001846,-0.015574,0.002301,0.004231,0.037063,-0.080441,0.034545,0.031688,0.032053,-0.03379,0.016264,0.01623,-0.040639,-0.010709,-0.075412,0.081492,0.028618,-0.002752,-0.016661,-0.077169,0.074781,0.03652,-0.278456,0.251028,0.05406,0.002464,-0.015904,-0.090783,-0.113068,0.213331,-0.041662,-0.218325,0.166318,0.088795,-0.041127,0.062594,-0.095029,0.037339,0.037934,-0.001571,-0.143361,-0.171569,0.250349,0.281468,-0.283091,-0.011531,-0.08419,0.114776,0.02492,-0.134962,0.058819,0.085713,0.028191,-0.033289,0.003085,-0.165102,0.109739,0.083238,,,,,,,,,,,,,,,,,,,,,,,,,,,,,,,,,,,,,,,,,,,,,,,,,,,,,,,,,,,,,,,,,,,,,,,,,,,,,,,,,
,,,,,,,,,,,58.829965275103774,65.70082946255367,60.41757520443352,,2.6519054415936334,4.010479715510402,2.6929012171593905,4.08510172693554,,,,,-0.2140034042267871,0.47128253862527814,0.4682132917403834,-0.3633099884539206,,,,,,,,,,,,,,,,,,,,,,,,,,,,,,,,,,,,,,,,,,,,,,,,,,,,,,,,,,,,,,,0.048117,-0.075871,0.065129,-0.012719,-0.019503,0.000654,0.064991,-0.028114,-0.126204,0.133106,0.011409,-0.052008,0.006458,0.051667,-0.053698,0.032334,-0.01491,-0.001269,0.033843,-0.046708,0.020382,-0.003743,0.170997,-0.147082,-0.010959,0.115695,-0.152705,-0.055676,0.242746,-0.118762,0.012498,0.062023,-0.103479,0.089288,0.051284,-0.064763,0.015756,0.01653,0.001893,-0.015503,0.002284,0.004221,0.03707,-0.080413,0.034578,0.031707,0.032059,-0.033823,0.016253,0.016236,-0.040636,-0.010877,-0.075344,0.081415,0.028658,-0.002566,-0.016608,-0.07719,0.074734,0.036526,-0.278381,0.250963,0.054039,0.002471,-0.015795,-0.090767,-0.113114,0.213373,-0.041658,-0.218313,0.166341,0.088799,-0.041109,0.06255,-0.09505,0.037321,0.037902,-0.001589,-0.143357,-0.17155,0.250353,0.281479,-0.283092,-0.01153,-0.084204,0.114877,0.024959,-0.134952,0.058796,0.085701,0.028179,-0.033287,0.003075,-0.165095,0.109757,0.083222,,,,,,,,,,,,,,,,,,,,,,,,,,,,,,,,,,,,,,,,,,,,,,,,,,,,,,,,,,,,,,,,,,,,,,,,,,,,,,,,,
,,,,,,,,,,,58.8311532064554,65.64568024911853,60.42137643152909,,2.655126429375078,4.032167778323255,2.694166815872632,4.088312823904174,,,,,-0.2061964815753754,0.4258702137213213,0.4730169546881342,-0.37021979747453315,,,,,,,,,,,,,,,,,,,,,,,,,,,,,,,,,,,,,,,,,,,,,,,,,,,,,,,,,,,,,,,0.048099,-0.075856,0.065099,-0.012673,-0.019469,0.000494,0.064762,-0.027849,-0.12638,0.13294,0.011364,-0.0519,0.006377,0.051608,-0.053783,0.032302,-0.014882,-0.001247,0.03382,-0.046622,0.020219,-0.003746,0.17101,-0.14714,-0.01092,0.11571,-0.15273,-0.055727,0.242727,-0.118758,0.012546,0.062042,-0.103494,0.089268,0.051288,-0.064729,0.01578,0.016582,0.001922,-0.0155,0.002302,0.004213,0.03709,-0.080396,0.034606,0.031728,0.032048,-0.033837,0.016226,0.016296,-0.040582,-0.01074,-0.075522,0.081462,0.028609,-0.002583,-0.01646,-0.077224,0.074756,0.036498,-0.278419,0.251025,0.054096,0.002451,-0.015749,-0.090765,-0.113163,0.213352,-0.041655,-0.218113,0.16634,0.088685,-0.041095,0.062555,-0.095055,0.037368,0.037862,-0.001636,-0.143381,-0.171523,0.250292,0.281465,-0.283115,-0.011512,-0.084169,0.114875,0.02493,-0.134935,0.058825,0.085679,0.028189,-0.033248,0.003068,-0.165112,0.109755,0.083191,,,,,,,,,,,,,,,,,,,,,,,,,,,,,,,,,,,,,,,,,,,,,,,,,,,,,,,,,,,,,,,,,,,,,,,,,,,,,,,,,
,,,,,,,,,,,58.83475697369564,65.62654856110069,60.43413457564124,,2.6593329075389733,4.025201752809698,2.6984241382653873,4.087178710653324,,,,,-0.1958700760658303,0.3318174755839074,0.4889029687200832,-0.3680113323629257,,,,,,,,,,,,,,,,,,,,,,,,,,,,,,,,,,,,,,,,,,,,,,,,,,,,,,,,,,,,,,,0.048096,-0.075958,0.065162,-0.012589,-0.019445,0.000478,0.064696,-0.028004,-0.126266,0.133111,0.0113,-0.051706,0.006404,0.051662,-0.053764,0.032332,-0.014814,-0.001225,0.033727,-0.046589,0.020333,-0.003673,0.171166,-0.147236,-0.010919,0.11572,-0.152758,-0.055782,0.242692,-0.11873,0.012584,0.062061,-0.103512,0.089269,0.05125,-0.064746,0.01581,0.016601,0.001885,-0.015569,0.002296,0.00418,0.037124,-0.080388,0.034594,0.031723,0.032054,-0.033848,0.016187,0.01633,-0.040452,-0.010783,-0.075443,0.081547,0.028672,-0.002775,-0.016546,-0.077122,0.074817,0.036487,-0.278423,0.251028,0.054045,0.002515,-0.015714,-0.090757,-0.113182,0.213294,-0.041671,-0.217998,0.166364,0.088569,-0.041084,0.062575,-0.095044,0.037417,0.037853,-0.001672,-0.143379,-0.171517,0.250373,0.281474,-0.283099,-0.011519,-0.084163,0.114868,0.024929,-0.134927,0.05881,0.085667,0.028209,-0.033228,0.003038,-0.16508,0.109687,0.083179,,,,,,,,,,,,,,,,,,,,,,,,,,,,,,,,,,,,,,,,,,,,,,,,,,,,,,,,,,,,,,,,,,,,,,,,,,,,,,,,,
,,,,,,,,,,,58.83937307635759,65.55996951198436,60.449327817202914,,2.664642826474368,3.9454320168060217,2.7039418083311513,4.087993397067635,,,,,-0.18285890424760964,0.20702491043518378,0.5090594996329116,-0.37164976714166187,,,,,,,,,,,,,,,,,,,,,,,,,,,,,,,,,,,,,,,,,,,,,,,,,,,,,,,,,,,,,,,0.048425,-0.075857,0.06517,-0.012559,-0.019475,0.000625,0.064872,-0.027928,-0.126263,0.133071,0.011459,-0.051847,0.006361,0.051589,-0.053805,0.032282,-0.014761,-0.001313,0.033672,-0.046457,0.020355,-0.003654,0.171099,-0.147033,-0.010911,0.115753,-0.1528,-0.05576,0.242679,-0.118709,0.012591,0.062083,-0.103503,0.089267,0.0513,-0.064714,0.015812,0.016559,0.001917,-0.015622,0.00228,0.004198,0.037094,-0.08038,0.034621,0.031744,0.032043,-0.033871,0.016206,0.016352,-0.040433,-0.010729,-0.075509,0.081429,0.028652,-0.002599,-0.016602,-0.077168,0.074848,0.036578,-0.278485,0.250961,0.054062,0.002496,-0.01584,-0.09077,-0.113266,0.213218,-0.04166,-0.218231,0.16637,0.088681,-0.041043,0.062587,-0.095009,0.037406,0.03782,-0.001681,-0.143361,-0.171526,0.250364,0.28148,-0.283093,-0.011522,-0.084279,0.114842,0.024947,-0.134924,0.058855,0.085692,0.028189,-0.033263,0.003018,-0.165104,0.109673,0.083195,,,,,,,,,,,,,,,,,,,,,,,,,,,,,,,,,,,,,,,,,,,,,,,,,,,,,,,,,,,,,,,,,,,,,,,,,,,,,,,,,
,,,,,,,,,,,58.84364479957134,65.48849582181708,60.46709754074215,,2.6693775325944813,3.86875939433591,2.710475776745011,4.091427348145286,,,,,-0.17129532252874924,0.06630333880081096,0.5329712395351578,-0.376583392808584,,,,,,,,,,,,,,,,,,,,,,,,,,,,,,,,,,,,,,,,,,,,,,,,,,,,,,,,,,,,,,,0.048421,-0.075726,0.065181,-0.012619,-0.019405,0.000371,0.064536,-0.027917,-0.126216,0.133179,0.011327,-0.051862,0.006368,0.051647,-0.053792,0.032287,-0.014736,-0.001434,0.033834,-0.046407,0.020315,-0.00377,0.171195,-0.147146,-0.010907,0.115741,-0.152792,-0.055821,0.242669,-0.118694,0.01263,0.062059,-0.103516,0.089212,0.05133,-0.064735,0.015795,0.016562,0.001929,-0.015596,0.002287,0.004215,0.037096,-0.080408,0.034601,0.031746,0.032046,-0.033861,0.016194,0.016333,-0.040529,-0.010902,-0.075527,0.081544,0.028577,-0.002797,-0.016577,-0.077084,0.074803,0.036513,-0.278509,0.250954,0.053996,0.00256,-0.015978,-0.090761,-0.113288,0.213181,-0.041638,-0.218209,0.166302,0.08873,-0.041083,0.062602,-0.094997,0.037376,0.037842,-0.00165,-0.143365,-0.171516,0.250386,0.281508,-0.283076,-0.011597,-0.084286,0.114823,0.02493,-0.134871,0.058891,0.085704,0.028236,-0.033274,0.002996,-0.165105,0.109682,0.083187,,,,,,,,,,,,,,,,,,,,,,,,,,,,,,,,,,,,,,,,,,,,,,,,,,,,,,,,,,,,,,,,,,,,,,,,,,,,,,,,,
,,,,,,,,,,,58.845442103252665,65.42156257881028,60.429320925969094,,2.6742026078550323,3.782953452248243,2.6964353050094774,4.09045480438017,,,,,-0.15957657146282145,-0.06462583198344873,0.48132362730108014,-0.37444279117448787,,,,,,,,,,,,,,,,,,,,,,,,,,,,,,,,,,,,,,,,,,,,,,,,,,,,,,,,,,,,,,,0.048168,-0.075723,0.065143,-0.012656,-0.019452,0.000623,0.06487,-0.028192,-0.12621,0.133131,0.011492,-0.0519,0.006433,0.051595,-0.053783,0.032336,-0.014779,-0.001256,0.034073,-0.046606,0.020392,-0.003705,0.171185,-0.147076,-0.010888,0.115738,-0.152799,-0.055829,0.242658,-0.118671,0.012634,0.062084,-0.103524,0.089224,0.051294,-0.064734,0.015793,0.016601,0.001936,-0.015527,0.002293,0.004214,0.037109,-0.080394,0.03461,0.031738,0.032035,-0.033872,0.016222,0.016318,-0.040491,-0.010925,-0.075367,0.081412,0.02864,-0.002696,-0.016568,-0.077097,0.074834,0.036577,-0.278504,0.250848,0.054031,0.002507,-0.015761,-0.09087,-0.113197,0.213308,-0.041701,-0.218267,0.166342,0.088707,-0.041082,0.062642,-0.094969,0.037433,0.037817,-0.001711,-0.143362,-0.171481,0.250531,0.281516,-0.283017,-0.011552,-0.084265,0.114835,0.024888,-0.134796,0.058854,0.085709,0.028206,-0.033254,0.002976,-0.165121,0.109679,0.083173,,,,,,,,,,,,,,,,,,,,,,,,,,,,,,,,,,,,,,,,,,,,,,,,,,,,,,,,,,,,,,,,,,,,,,,,,,,,,,,,,
,,,,,,,,,,,58.849163956380934,65.36659510279628,60.32722826860015,,2.6786115153018013,3.703899217382964,2.6603398130114666,4.089440626119786,,,,,-0.14891147271936234,-0.17022204040046063,0.3468034663663673,-0.372515160570174,,,,,,,,,,,,,,,,,,,,,,,,,,,,,,,,,,,,,,,,,,,,,,,,,,,,,,,,,,,,,,,0.048123,-0.075796,0.065178,-0.012547,-0.019438,0.000617,0.064867,-0.0282,-0.12638,0.132956,0.011376,-0.051885,0.006324,0.051568,-0.053831,0.032275,-0.014789,-0.00134,0.034031,-0.046748,0.020258,-0.003795,0.171069,-0.146899,-0.010897,0.115757,-0.152806,-0.055824,0.242657,-0.11867,0.012659,0.062109,-0.103525,0.089238,0.051362,-0.064658,0.015851,0.016622,0.001906,-0.015469,0.002305,0.004203,0.037087,-0.08037,0.034596,0.031755,0.032031,-0.033875,0.016267,0.016373,-0.040408,-0.01074,-0.075421,0.08134,0.028602,-0.002523,-0.016422,-0.077151,0.074827,0.036531,-0.278542,0.250953,0.054033,0.002567,-0.015965,-0.090838,-0.113134,0.213283,-0.041656,-0.21832,0.166331,0.088791,-0.041056,0.062604,-0.094995,0.037431,0.03781,-0.001722,-0.143355,-0.171454,0.250451,0.281501,-0.283106,-0.011517,-0.084231,0.114849,0.024886,-0.134779,0.058853,0.08571,0.02821,-0.033268,0.002981,-0.165128,0.109683,0.083192,,,,,,,,,,,,,,,,,,,,,,,,,,,,,,,,,,,,,,,,,,,,,,,,,,,,,,,,,,,,,,,,,,,,,,,,,,,,,,,,,
,,,,,,,,,,,58.849786620746166,65.36903130407882,60.25941490732596,,2.6814215104901855,3.640715551692627,2.6362500222581753,4.092786436518448,,,,,-0.14200494974022604,-0.16620016707491914,0.25579602332756224,-0.3794423591705254,,,,,,,,,,,,,,,,,,,,,,,,,,,,,,,,,,,,,,,,,,,,,,,,,,,,,,,,,,,,,,,0.048342,-0.076033,0.065228,-0.012581,-0.019402,0.000391,0.06455,-0.028227,-0.126385,0.132971,0.011306,-0.051711,0.006378,0.051635,-0.053765,0.032288,-0.014826,-0.001278,0.033849,-0.046775,0.020244,-0.003817,0.171173,-0.147103,-0.010967,0.115747,-0.152831,-0.055864,0.242647,-0.118653,0.012663,0.062099,-0.10352,0.089174,0.051307,-0.064639,0.015892,0.016606,0.001841,-0.015626,0.002279,0.004231,0.037102,-0.080394,0.034553,0.031725,0.032019,-0.033883,0.016264,0.016361,-0.040473,-0.010853,-0.075372,0.081386,0.028554,-0.002608,-0.016413,-0.077115,0.074871,0.036517,-0.278508,0.250863,0.053991,0.002584,-0.015829,-0.09077,-0.113138,0.213293,-0.041631,-0.218107,0.166274,0.0887,-0.041059,0.06265,-0.094959,0.0374,0.037772,-0.001753,-0.143375,-0.171457,0.25037,0.281452,-0.283178,-0.011598,-0.084235,0.114745,0.024854,-0.134845,0.058891,0.085738,0.028225,-0.033286,0.002987,-0.165118,0.109637,0.083174,,,,,,,,,,,,,,,,,,,,,,,,,,,,,,,,,,,,,,,,,,,,,,,,,,,,,,,,,,,,,,,,,,,,,,,,,,,,,,,,,
,,,,,,,,,,,58.85162440463927,65.38333190947921,60.25154326689922,,2.682994683681905,3.6429943773007363,2.6333207872302755,4.094045569265446,,,,,-0.1382755321968716,-0.13669811393873488,0.24457776086012473,-0.3821823523741159,,,,,,,,,,,,,,,,,,,,,,,,,,,,,,,,,,,,,,,,,,,,,,,,,,,,,,,,,,,,,,,0.048181,-0.07579,0.06523,-0.012683,-0.019427,0.00043,0.064591,-0.028202,-0.126197,0.133181,0.011367,-0.051731,0.006418,0.05156,-0.053802,0.032344,-0.01479,-0.00121,0.033696,-0.046668,0.020407,-0.003692,0.171192,-0.146995,-0.01095,0.115689,-0.152841,-0.055866,0.24266,-0.118628,0.012654,0.062056,-0.10353,0.089217,0.051342,-0.064617,0.015897,0.016516,0.001785,-0.015567,0.002284,0.004221,0.037083,-0.080413,0.034517,0.031733,0.032004,-0.033861,0.016231,0.016352,-0.04054,-0.01099,-0.075362,0.081359,0.028585,-0.002568,-0.01662,-0.077064,0.074911,0.036574,-0.278515,0.25082,0.054031,0.002558,-0.015652,-0.090752,-0.113223,0.213296,-0.04162,-0.218183,0.166346,0.088675,-0.041051,0.062648,-0.094967,0.037359,0.037814,-0.001703,-0.143386,-0.171493,0.250425,0.28145,-0.283136,-0.011562,-0.084297,0.114711,0.024918,-0.134927,0.058919,0.085718,0.028216,-0.033295,0.003005,-0.165122,0.10961,0.083177,,,,,,,,,,,,,,,,,,,,,,,,,,,,,,,,,,,,,,,,,,,,,,,,,,,,,,,,,,,,,,,,,,,,,,,,,,,,,,,,,
,,,,,,,,,,,58.85191039890793,65.40214170851074,60.25205134612291,,2.6828131168227607,3.660543640429397,2.6340706581033255,4.096213323532499,,,,,-0.13878376005504833,-0.0996331216829276,0.24766982744156962,-0.3923200332989154,,,,,,,,,,,,,,,,,,,,,,,,,,,,,,,,,,,,,,,,,,,,,,,,,,,,,,,,,,,,,,,0.048091,-0.075743,0.06524,-0.01266,-0.019493,0.000601,0.064859,-0.027997,-0.126283,0.13304,0.011446,-0.051929,0.00635,0.051568,-0.053827,0.032327,-0.014742,-0.001272,0.033649,-0.04648,0.020445,-0.003796,0.171167,-0.147109,-0.010925,0.115725,-0.152781,-0.055782,0.24268,-0.118639,0.012616,0.062051,-0.103533,0.089193,0.051209,-0.064679,0.015825,0.01656,0.001793,-0.015582,0.002259,0.004214,0.037082,-0.080414,0.03453,0.031745,0.032035,-0.033881,0.016229,0.016346,-0.040559,-0.010784,-0.075429,0.081308,0.028624,-0.002526,-0.016581,-0.077192,0.074812,0.03657,-0.278526,0.250919,0.054074,0.002533,-0.015667,-0.090786,-0.113274,0.213244,-0.041654,-0.218341,0.166322,0.08878,-0.041043,0.062676,-0.094963,0.037368,0.037811,-0.001701,-0.143381,-0.171484,0.250442,0.281475,-0.283102,-0.011553,-0.084281,0.114689,0.02491,-0.134912,0.058896,0.085708,0.028222,-0.033269,0.002996,-0.165136,0.109635,0.08318,,,,,,,,,,,,,,,,,,,,,,,,,,,,,,,,,,,,,,,,,,,,,,,,,,,,,,,,,,,,,,,,,,,,,,,,,,,,,,,,,
,,,,,,,,,,,58.84884725493026,65.44885036243483,60.25548907140119,,2.679784511696358,3.6827900117750834,2.6351436096267906,4.100450647768478,,,,,-0.14626175764999516,-0.0616658988275276,0.2514936468278961,-0.3951641898261187,,,,,,,,,,,,,,,,,,,,,,,,,,,,,,,,,,,,,,,,,,,,,,,,,,,,,,,,,,,,,,,0.048073,-0.075856,0.06519,-0.012581,-0.019447,0.00072,0.065071,-0.027869,-0.126244,0.133181,0.01124,-0.051863,0.006326,0.051658,-0.053758,0.032328,-0.014752,-0.001448,0.033773,-0.046406,0.020408,-0.003762,0.171221,-0.147216,-0.010921,0.115734,-0.152786,-0.055788,0.242672,-0.118665,0.012644,0.062057,-0.103566,0.089296,0.051403,-0.064634,0.015882,0.016586,0.001853,-0.015571,0.002306,0.004251,0.037096,-0.080416,0.034567,0.031718,0.032019,-0.033851,0.016241,0.016292,-0.040507,-0.010688,-0.075528,0.081332,0.028677,-0.002587,-0.016557,-0.077106,0.074808,0.036515,-0.278491,0.250968,0.054028,0.002579,-0.015918,-0.09084,-0.113304,0.213158,-0.041664,-0.21834,0.16634,0.088794,-0.041048,0.062673,-0.094987,0.037338,0.037842,-0.001663,-0.14337,-0.171505,0.250397,0.281466,-0.283113,-0.011469,-0.08426,0.114785,0.024881,-0.134884,0.058915,0.085709,0.028277,-0.03328,0.003014,-0.165126,0.109678,0.08321,,,,,,,,,,,,,,,,,,,,,,,,,,,,,,,,,,,,,,,,,,,,,,,,,,,,,,,,,,,,,,,,,,,,,,,,,,,,,,,,,
,,,,,,,,,,,58.848228096635225,65.47456018336116,60.25894191811782,,2.682970648498156,3.7056449532008617,2.6362478580909823,4.101654270593664,,,,,-0.1385661165314218,0.03921387784885866,0.2558141124489879,-0.4012131082514543,,,,,,,,,,,,,,,,,,,,,,,,,,,,,,,,,,,,,,,,,,,,,,,,,,,,,,,,,,,,,,,0.048379,-0.075832,0.065203,-0.012545,-0.019384,0.000587,0.064866,-0.027986,-0.12617,0.133203,0.011448,-0.051894,0.006385,0.051639,-0.053744,0.032395,-0.01472,-0.001577,0.033754,-0.046412,0.020388,-0.003674,0.171236,-0.147243,-0.010924,0.115718,-0.152789,-0.055837,0.242642,-0.118673,0.012652,0.062092,-0.103559,0.089164,0.051365,-0.064726,0.015895,0.016537,0.001819,-0.015631,0.002313,0.004268,0.037108,-0.080415,0.034564,0.031701,0.032047,-0.033834,0.01626,0.016255,-0.040499,-0.010693,-0.075429,0.081439,0.028701,-0.002724,-0.016612,-0.077138,0.074828,0.036608,-0.278485,0.250841,0.054051,0.002497,-0.016121,-0.090854,-0.113299,0.213148,-0.041669,-0.218357,0.166362,0.088783,-0.041089,0.062662,-0.094961,0.037352,0.037861,-0.001634,-0.143398,-0.171492,0.250407,0.281456,-0.283098,-0.011599,-0.084271,0.114751,0.024902,-0.13491,0.058911,0.085713,0.028259,-0.033269,0.003023,-0.165079,0.109725,0.083213,,,,,,,,,,,,,,,,,,,,,,,,,,,,,,,,,,,,,,,,,,,,,,,,,,,,,,,,,,,,,,,,,,,,,,,,,,,,,,,,,
,,,,,,,,,,,58.84992158031017,65.5574122489727,60.26536200147615,,2.682254062101816,3.7664933714215185,2.6387164896514044,4.104245885218829,,,,,-0.1411744993775983,0.10647690881008742,0.26496842811476995,-0.4053870644718245,,,,,,,,,,,,,,,,,,,,,,,,,,,,,,,,,,,,,,,,,,,,,,,,,,,,,,,,,,,,,,,0.048455,-0.075703,0.065194,-0.012597,-0.019421,0.000316,0.064505,-0.028169,-0.126167,0.133174,0.011363,-0.051934,0.006295,0.051613,-0.053785,0.032386,-0.014715,-0.001574,0.033753,-0.046408,0.020332,-0.003638,0.171249,-0.147211,-0.010943,0.115723,-0.152819,-0.055836,0.242634,-0.11867,0.012688,0.062065,-0.103552,0.089203,0.051419,-0.064604,0.015896,0.016513,0.001814,-0.015605,0.002316,0.004284,0.037123,-0.080431,0.034527,0.03169,0.032058,-0.03383,0.01624,0.016218,-0.040549,-0.010861,-0.075331,0.08156,0.02858,-0.00279,-0.016633,-0.077159,0.074791,0.036529,-0.278469,0.250975,0.054106,0.002471,-0.016156,-0.09085,-0.113327,0.213156,-0.041639,-0.218299,0.166391,0.08874,-0.0411,0.062603,-0.095022,0.037391,0.037874,-0.001619,-0.143435,-0.171516,0.250476,0.281463,-0.283076,-0.011561,-0.084249,0.114781,0.024922,-0.134924,0.05885,0.085693,0.02822,-0.033287,0.003028,-0.165043,0.109722,0.083211,,,,,,,,,,,,,,,,,,,,,,,,,,,,,,,,,,,,,,,,,,,,,,,,,,,,,,,,,,,,,,,,,,,,,,,,,,,,,,,,,
,,,,,,,,,,,58.84900916970775,65.52760771681025,60.27615535577375,,2.68396424106326,3.807422826973146,2.642448610028386,4.105639189796085,,,,,-0.13606835904886339,0.13969242988535058,0.2791278372634167,-0.4059939798225969,,,,,,,,,,,,,,,,,,,,,,,,,,,,,,,,,,,,,,,,,,,,,,,,,,,,,,,,,,,,,,,0.048307,-0.075668,0.065205,-0.012664,-0.019496,0.000534,0.06478,-0.027896,-0.126269,0.133118,0.011326,-0.05193,0.006271,0.051665,-0.053724,0.032378,-0.014707,-0.001586,0.033967,-0.046425,0.020427,-0.003626,0.171236,-0.147214,-0.010935,0.115686,-0.152791,-0.055833,0.242667,-0.118648,0.012657,0.062066,-0.10355,0.089163,0.051447,-0.064623,0.015864,0.016505,0.001781,-0.015701,0.002353,0.004245,0.037147,-0.080432,0.034523,0.031683,0.032035,-0.03382,0.016231,0.016233,-0.040604,-0.010901,-0.075442,0.081422,0.028627,-0.002556,-0.016553,-0.077138,0.074786,0.036493,-0.278446,0.250985,0.054129,0.002436,-0.01616,-0.090884,-0.113336,0.213154,-0.041669,-0.218272,0.166387,0.088704,-0.041106,0.062602,-0.095023,0.03737,0.03789,-0.001607,-0.143397,-0.171544,0.250401,0.28148,-0.283097,-0.011597,-0.084225,0.114815,0.024911,-0.13492,0.058842,0.08569,0.028181,-0.033295,0.003042,-0.165057,0.109753,0.083186,,,,,,,,,,,,,,,,,,,,,,,,,,,,,,,,,,,,,,,,,,,,,,,,,,,,,,,,,,,,,,,,,,,,,,,,,,,,,,,,,
,,,,,,,,,,,58.850662706326005,65.54773722531498,60.27743613822667,,2.6838321591752554,3.8124789499523457,2.6429231996145086,4.112575266630417,,,,,-0.13633632411216468,0.17749863762988838,0.2810784830607247,-0.42070369245868733,,,,,,,,,,,,,,,,,,,,,,,,,,,,,,,,,,,,,,,,,,,,,,,,,,,,,,,,,,,,,,,0.048206,-0.075595,0.065196,-0.012711,-0.019443,0.000605,0.064878,-0.027857,-0.126102,0.1333,0.011367,-0.051851,0.006276,0.051681,-0.053699,0.032396,-0.014748,-0.00155,0.033938,-0.046548,0.020431,-0.003665,0.17123,-0.147237,-0.010938,0.115697,-0.152796,-0.055831,0.242669,-0.118653,0.012646,0.062068,-0.103548,0.089182,0.051285,-0.064607,0.015882,0.016488,0.001847,-0.015702,0.002358,0.004236,0.037172,-0.080427,0.034529,0.031709,0.032055,-0.033818,0.01623,0.016237,-0.040704,-0.010757,-0.075479,0.081496,0.028692,-0.002667,-0.016677,-0.077084,0.074844,0.036558,-0.278436,0.250967,0.054118,0.00243,-0.016196,-0.090783,-0.113239,0.213208,-0.041668,-0.218334,0.166393,0.088753,-0.041077,0.062578,-0.095043,0.037336,0.037916,-0.001588,-0.143386,-0.171555,0.250487,0.281538,-0.283011,-0.011552,-0.084255,0.114878,0.024933,-0.134957,0.058868,0.085664,0.028208,-0.033284,0.003088,-0.165051,0.10978,0.083195,,,,,,,,,,,,,,,,,,,,,,,,,,,,,,,,,,,,,,,,,,,,,,,,,,,,,,,,,,,,,,,,,,,,,,,,,,,,,,,,,
,,,,,,,,,,,58.85292635179267,65.56896467759348,60.28130262251518,,2.6874568315566805,3.8508768673845934,2.6443790584548226,4.115410939079121,,,,,-0.12722177670718793,0.19503584448640154,0.28660095201291824,-0.42662637714829543,,,,,,,,,,,,,,,,,,,,,,,,,,,,,,,,,,,,,,,,,,,,,,,,,,,,,,,,,,,,,,,0.048074,-0.0757,0.065165,-0.012716,-0.019385,0.000366,0.064578,-0.027976,-0.126198,0.133182,0.011463,-0.052015,0.006271,0.051696,-0.053688,0.032402,-0.014839,-0.001321,0.033779,-0.046672,0.020368,-0.003659,0.17122,-0.14724,-0.010902,0.115692,-0.152809,-0.055826,0.242657,-0.118676,0.012651,0.062038,-0.103585,0.089262,0.051263,-0.064485,0.0159,0.016489,0.001788,-0.015488,0.002366,0.004255,0.037184,-0.080429,0.034507,0.031687,0.032023,-0.03381,0.016187,0.016235,-0.040733,-0.010704,-0.075395,0.081597,0.028625,-0.002868,-0.016615,-0.077152,0.074777,0.036547,-0.278382,0.250964,0.054122,0.002433,-0.015873,-0.090731,-0.113169,0.213317,-0.041659,-0.218353,0.166386,0.088751,-0.04107,0.062614,-0.095029,0.037349,0.037918,-0.001601,-0.143378,-0.171563,0.250214,0.281425,-0.283195,-0.011424,-0.084274,0.114822,0.024948,-0.134965,0.058855,0.085693,0.028205,-0.03327,0.003054,-0.165055,0.109721,0.083175,,,,,,,,,,,,,,,,,,,,,,,,,,,,,,,,,,,,,,,,,,,,,,,,,,,,,,,,,,,,,,,,,,,,,,,,,,,,,,,,,
,,,,,,,,,,,58.85654781101577,65.51754391535357,60.293873882827846,,2.6916884096493088,3.8535236686450594,2.646550914412458,4.114930954439401,,,,,-0.11679168975075527,0.12155606315037559,0.30222317453120695,-0.4248741317387612,,,,,,,,,,,,,,,,,,,,,,,,,,,,,,,,,,,,,,,,,,,,,,,,,,,,,,,,,,,,,,,0.048107,-0.075918,0.065218,-0.01265,-0.01942,0.000242,0.064394,-0.027951,-0.126257,0.133087,0.011356,-0.051964,0.006269,0.051672,-0.053671,0.032405,-0.014822,-0.00128,0.033646,-0.046552,0.02027,-0.003612,0.171182,-0.147224,-0.010927,0.115707,-0.152817,-0.055803,0.242667,-0.118699,0.012645,0.062078,-0.103566,0.089246,0.051436,-0.064575,0.015875,0.016562,0.001745,-0.015465,0.002324,0.004291,0.037181,-0.080436,0.034524,0.031662,0.03204,-0.033796,0.016125,0.016187,-0.040692,-0.010663,-0.075417,0.081635,0.028531,-0.002847,-0.016555,-0.077235,0.074803,0.036538,-0.278379,0.250982,0.054135,0.002404,-0.015779,-0.090722,-0.113231,0.213337,-0.041649,-0.218279,0.16639,0.088704,-0.041079,0.062584,-0.095073,0.037337,0.03794,-0.001583,-0.143384,-0.171557,0.250176,0.28141,-0.283202,-0.01147,-0.08415,0.114805,0.024892,-0.134945,0.058853,0.085694,0.028194,-0.033276,0.003064,-0.165026,0.10978,0.083209,,,,,,,,,,,,,,,,,,,,,,,,,,,,,,,,,,,,,,,,,,,,,,,,,,,,,,,,,,,,,,,,,,,,,,,,,,,,,,,,,
,,,,,,,,,,,58.85624537526937,65.44069690847476,60.30490059807904,,2.6960796973253505,3.81653417580254,2.6525742755711113,4.115389658666905,,,,,-0.10064081878272191,-0.029639812500988683,0.31751303708520595,-0.4267691655820727,,,,,,,,,,,,,,,,,,,,,,,,,,,,,,,,,,,,,,,,,,,,,,,,,,,,,,,,,,,,,,,0.048187,-0.075964,0.065152,-0.01261,-0.019488,0.000298,0.064497,-0.027895,-0.126106,0.133244,0.011274,-0.051911,0.00626,0.051674,-0.053675,0.032403,-0.014801,-0.00135,0.033624,-0.04643,0.020262,-0.00359,0.171222,-0.14717,-0.010934,0.115697,-0.152851,-0.055839,0.242639,-0.118681,0.012693,0.062067,-0.103572,0.089148,0.051365,-0.064675,0.015915,0.01656,0.001771,-0.015495,0.002348,0.004294,0.037178,-0.080442,0.034543,0.03164,0.032055,-0.033788,0.016154,0.016168,-0.040601,-0.010666,-0.075429,0.081626,0.028595,-0.002686,-0.016677,-0.077176,0.074777,0.036498,-0.278336,0.25103,0.05412,0.002426,-0.015819,-0.090755,-0.11324,0.213256,-0.041665,-0.218176,0.166351,0.088622,-0.041095,0.062583,-0.095077,0.03732,0.037923,-0.001568,-0.143387,-0.171582,0.250446,0.281483,-0.283046,-0.011599,-0.084126,0.114845,0.024869,-0.134975,0.058831,0.085688,0.028185,-0.033265,0.003049,-0.164981,0.109786,0.083237,,,,,,,,,,,,,,,,,,,,,,,,,,,,,,,,,,,,,,,,,,,,,,,,,,,,,,,,,,,,,,,,,,,,,,,,,,,,,,,,,
,,,,,,,,,,,58.86648973737494,65.36463757027488,60.31603499175873,,2.7046750706951355,3.7249540747262406,2.6565803014899956,4.116283843196511,,,,,-0.08519229694297792,-0.17911161847240464,0.3328070195854451,-0.428619653720375,,,,,,,,,,,,,,,,,,,,,,,,,,,,,,,,,,,,,,,,,,,,,,,,,,,,,,,,,,,,,,,0.048474,-0.075746,0.065111,-0.012723,-0.019487,0.000564,0.064844,-0.028167,-0.126265,0.133122,0.011337,-0.052045,0.006288,0.051712,-0.05366,0.032391,-0.014747,-0.001426,0.033891,-0.046386,0.020204,-0.003596,0.17106,-0.146988,-0.010951,0.115675,-0.152818,-0.055858,0.242678,-0.118638,0.012662,0.062052,-0.103576,0.089198,0.051403,-0.064573,0.015908,0.016547,0.001719,-0.015624,0.002336,0.00432,0.037128,-0.080441,0.034495,0.031661,0.03207,-0.033833,0.016189,0.016146,-0.040674,-0.010679,-0.075235,0.081543,0.028705,-0.002545,-0.016514,-0.077168,0.074749,0.036508,-0.278363,0.250983,0.054139,0.002391,-0.01599,-0.090833,-0.113259,0.213181,-0.041704,-0.218162,0.166391,0.088655,-0.041112,0.062546,-0.095098,0.037307,0.037904,-0.001585,-0.143377,-0.171564,0.250421,0.281482,-0.283061,-0.011539,-0.084122,0.114811,0.024902,-0.134994,0.058806,0.08568,0.028194,-0.03322,0.003028,-0.165001,0.109767,0.08323,,,,,,,,,,,,,,,,,,,,,,,,,,,,,,,,,,,,,,,,,,,,,,,,,,,,,,,,,,,,,,,,,,,,,,,,,,,,,,,,,
,,,,,,,,,,,58.86958687924018,65.3146898945188,60.334597288301985,,2.7084918932864865,3.6355823023416245,2.660673464423495,4.117041864981646,,,,,-0.07594972582813853,-0.2772347900814225,0.34815635950221235,-0.4303882589481418,,,,,,,,,,,,,,,,,,,,,,,,,,,,,,,,,,,,,,,,,,,,,,,,,,,,,,,,,,,,,,,0.048263,-0.075689,0.065183,-0.012672,-0.019462,0.000573,0.064854,-0.028281,-0.126204,0.133103,0.011379,-0.051902,0.006324,0.051701,-0.053662,0.032358,-0.014725,-0.001557,0.033926,-0.046489,0.02023,-0.003652,0.17102,-0.146883,-0.010993,0.115673,-0.152809,-0.055834,0.242648,-0.118635,0.012667,0.06205,-0.103559,0.089183,0.051362,-0.064613,0.015938,0.01648,0.001707,-0.015514,0.002303,0.004302,0.03717,-0.080434,0.034481,0.031687,0.032047,-0.033796,0.016186,0.0162,-0.040686,-0.010884,-0.075187,0.081477,0.028621,-0.002539,-0.016605,-0.077231,0.074821,0.036548,-0.278404,0.251074,0.054096,0.002368,-0.016249,-0.090817,-0.113222,0.213203,-0.041728,-0.217969,0.166368,0.088611,-0.041129,0.062531,-0.095077,0.037333,0.037896,-0.001597,-0.143387,-0.17156,0.250426,0.281467,-0.283067,-0.011559,-0.08415,0.114806,0.024969,-0.134975,0.058832,0.085668,0.028189,-0.033232,0.00302,-0.165035,0.109702,0.083186,,,,,,,,,,,,,,,,,,,,,,,,,,,,,,,,,,,,,,,,,,,,,,,,,,,,,,,,,,,,,,,,,,,,,,,,,,,,,,,,,
,,,,,,,,,,,58.871169333628316,65.32050587176154,60.33495805326303,,2.709923679238818,3.5779767525199278,2.663441530431777,4.121300345841414,,,,,-0.07271678853607,-0.2659385347138823,0.3586262725962115,-0.4390199136988713,,,,,,,,,,,,,,,,,,,,,,,,,,,,,,,,,,,,,,,,,,,,,,,,,,,,,,,,,,,,,,,0.048167,-0.07597,0.065127,-0.012682,-0.019432,0.000446,0.064696,-0.028257,-0.126205,0.13313,0.011187,-0.052,0.006348,0.051684,-0.053675,0.032401,-0.01479,-0.001445,0.033902,-0.04659,0.020331,-0.003727,0.171045,-0.146848,-0.011014,0.115676,-0.152824,-0.055818,0.242672,-0.11865,0.012668,0.062044,-0.103534,0.08923,0.051367,-0.06458,0.015863,0.016521,0.001709,-0.015584,0.002333,0.004335,0.037138,-0.080428,0.034469,0.03167,0.032012,-0.033778,0.016172,0.016192,-0.040584,-0.010841,-0.075203,0.081498,0.028587,-0.002608,-0.016582,-0.077156,0.074769,0.036482,-0.278356,0.25112,0.054043,0.002407,-0.01608,-0.09077,-0.113198,0.213271,-0.041652,-0.217979,0.166341,0.088645,-0.041128,0.062553,-0.095047,0.037345,0.037894,-0.001605,-0.143371,-0.171536,0.250417,0.281491,-0.283073,-0.011516,-0.084128,0.114779,0.024914,-0.13489,0.05884,0.085658,0.028231,-0.033246,0.002996,-0.165061,0.109681,0.083187,,,,,,,,,,,,,,,,,,,,,,,,,,,,,,,,,,,,,,,,,,,,,,,,,,,,,,,,,,,,,,,,,,,,,,,,,,,,,,,,,
,,,,,,,,,,,58.868385549810185,65.34240029701054,60.340192425685245,,2.7072164151778373,3.58451931639472,2.6652402920714575,4.125090261852193,,,,,-0.07922848101247837,-0.22391741179905011,0.3657212387057882,-0.44680711125215566,,,,,,,,,,,,,,,,,,,,,,,,,,,,,,,,,,,,,,,,,,,,,,,,,,,,,,,,,,,,,,,0.0484,-0.075801,0.065062,-0.012763,-0.019449,0.000354,0.064551,-0.028232,-0.126144,0.133121,0.011294,-0.052019,0.006308,0.051641,-0.053711,0.032397,-0.014862,-0.001316,0.033849,-0.046661,0.020456,-0.003792,0.171078,-0.146959,-0.011005,0.115646,-0.152782,-0.055788,0.242704,-0.118647,0.012628,0.06201,-0.103537,0.08922,0.051412,-0.064591,0.015842,0.016547,0.001796,-0.01565,0.002318,0.004306,0.037129,-0.080434,0.034509,0.031679,0.032054,-0.033792,0.016212,0.016157,-0.040618,-0.010679,-0.075215,0.081544,0.028552,-0.002627,-0.016671,-0.077214,0.074798,0.036544,-0.278389,0.251037,0.054082,0.002416,-0.015867,-0.090751,-0.113176,0.213347,-0.041628,-0.218088,0.16629,0.088708,-0.041123,0.062552,-0.095063,0.037359,0.037849,-0.001617,-0.14336,-0.171529,0.250371,0.28148,-0.283101,-0.011533,-0.084156,0.114915,0.024917,-0.134839,0.058836,0.085654,0.02824,-0.033256,0.00304,-0.165053,0.109689,0.083216,,,,,,,,,,,,,,,,,,,,,,,,,,,,,,,,,,,,,,,,,,,,,,,,,,,,,,,,,,,,,,,,,,,,,,,,,,,,,,,,,
,,,,,,,,,,,58.87091426490143,65.37868615466594,60.34982880109586,,2.710493037774195,3.6089837116731496,2.6684781530691457,4.1257346198682185,,,,,-0.07132512619375575,-0.1931000993678822,0.37768860418182726,-0.4482715391802685,,,,,,,,,,,,,,,,,,,,,,,,,,,,,,,,,,,,,,,,,,,,,,,,,,,,,,,,,,,,,,,0.04825,-0.075765,0.065037,-0.012749,-0.019496,0.000343,0.064548,-0.028212,-0.126168,0.133171,0.01115,-0.052077,0.006336,0.051698,-0.053667,0.032395,-0.014901,-0.001308,0.033929,-0.046633,0.020516,-0.003783,0.171085,-0.147038,-0.011032,0.115639,-0.152724,-0.055764,0.242716,-0.118652,0.012579,0.06203,-0.103517,0.089257,0.051362,-0.064637,0.015838,0.016525,0.001856,-0.015578,0.002332,0.004317,0.037131,-0.080429,0.034489,0.031698,0.03206,-0.03381,0.016235,0.016195,-0.040613,-0.010891,-0.075241,0.08154,0.028546,-0.002568,-0.01661,-0.077126,0.074748,0.036483,-0.278402,0.251041,0.054061,0.002439,-0.015776,-0.090805,-0.113186,0.213348,-0.041688,-0.218203,0.166299,0.088753,-0.04111,0.062548,-0.09505,0.037372,0.037836,-0.001657,-0.143378,-0.171537,0.250436,0.281495,-0.283059,-0.011546,-0.084187,0.11492,0.024939,-0.134832,0.058813,0.085658,0.028287,-0.033234,0.003019,-0.165103,0.109669,0.083198,,,,,,,,,,,,,,,,,,,,,,,,,,,,,,,,,,,,,,,,,,,,,,,,,,,,,,,,,,,,,,,,,,,,,,,,,,,,,,,,,
,,,,,,,,,,,58.87025296347111,65.3800374996877,60.364951550414595,,2.709907618935024,3.6133903011854756,2.670104333234097,4.1257723559310975,,,,,-0.07260054265987037,-0.14729600033666657,0.3895034299686415,-0.4481299958317777,,,,,,,,,,,,,,,,,,,,,,,,,,,,,,,,,,,,,,,,,,,,,,,,,,,,,,,,,,,,,,,0.048188,-0.075983,0.065085,-0.012745,-0.019524,0.000527,0.064814,-0.027921,-0.126175,0.133142,0.011319,-0.052018,0.006322,0.051688,-0.053665,0.03241,-0.014931,-0.001341,0.033995,-0.046684,0.020415,-0.003769,0.171021,-0.146963,-0.010997,0.115636,-0.152768,-0.055758,0.242708,-0.118696,0.012592,0.062009,-0.103518,0.089282,0.051313,-0.064607,0.015821,0.016554,0.00184,-0.015577,0.002323,0.004299,0.037118,-0.080412,0.034505,0.031689,0.032052,-0.033811,0.016223,0.01627,-0.04064,-0.010893,-0.075443,0.081437,0.028566,-0.002697,-0.016645,-0.077145,0.074812,0.036588,-0.278423,0.251018,0.054048,0.002495,-0.015815,-0.090861,-0.113158,0.213357,-0.041723,-0.218264,0.166314,0.088773,-0.041085,0.06258,-0.095017,0.037419,0.037879,-0.001689,-0.143405,-0.17154,0.250405,0.281511,-0.283083,-0.011543,-0.084189,0.114895,0.024909,-0.134829,0.058877,0.08564,0.02832,-0.033229,0.002987,-0.165124,0.109661,0.083173,,,,,,,,,,,,,,,,,,,,,,,,,,,,,,,,,,,,,,,,,,,,,,,,,,,,,,,,,,,,,,,,,,,,,,,,,,,,,,,,,
,,,,,,,,,,,58.86843438148076,65.45530533265308,60.362127147717345,,2.707180790283412,3.654390187643553,2.672713458359392,4.130868819140542,,,,,-0.0795182669943415,-0.0011095412580743869,0.39311468186946286,-0.4587878193074175,,,,,,,,,,,,,,,,,,,,,,,,,,,,,,,,,,,,,,,,,,,,,,,,,,,,,,,,,,,,,,,0.048139,-0.076032,0.065172,-0.012719,-0.019493,0.000572,0.064893,-0.027795,-0.126254,0.133106,0.011268,-0.05206,0.006304,0.051689,-0.053648,0.032361,-0.01487,-0.001499,0.03382,-0.046633,0.020317,-0.003759,0.170955,-0.146984,-0.011046,0.11565,-0.152702,-0.055722,0.242687,-0.118715,0.012564,0.062004,-0.103501,0.089257,0.051431,-0.064577,0.015784,0.016562,0.001829,-0.015528,0.002353,0.004286,0.037122,-0.080432,0.034536,0.031683,0.032043,-0.033796,0.016202,0.016319,-0.040651,-0.01083,-0.075509,0.081473,0.028631,-0.002842,-0.016535,-0.077088,0.074811,0.036578,-0.278455,0.250933,0.054111,0.002441,-0.016049,-0.090812,-0.113136,0.213273,-0.041718,-0.218158,0.166294,0.088711,-0.041087,0.062624,-0.094979,0.037389,0.037867,-0.001661,-0.143394,-0.17155,0.250303,0.28146,-0.283141,-0.011503,-0.084241,0.114838,0.02488,-0.134856,0.058897,0.085661,0.028296,-0.03323,0.003008,-0.165141,0.109658,0.083179,,,,,,,,,,,,,,,,,,,,,,,,,,,,,,,,,,,,,,,,,,,,,,,,,,,,,,,,,,,,,,,,,,,,,,,,,,,,,,,,,
,,,,,,,,,,,58.86728906536791,65.55981154221203,60.36278280242441,,2.706377699611775,3.742126959350352,2.6734212485081223,4.136269369938681,,,,,-0.08138734845090312,0.1963923289516316,0.3957369983844501,-0.4698686198753421,,,,,,,,,,,,,,,,,,,,,,,,,,,,,,,,,,,,,,,,,,,,,,,,,,,,,,,,,,,,,,,0.048076,-0.076052,0.065168,-0.01269,-0.0195,0.000498,0.064766,-0.027823,-0.126194,0.133076,0.011362,-0.051934,0.006373,0.051712,-0.053719,0.032373,-0.014843,-0.001506,0.033976,-0.046452,0.020342,-0.003691,0.170973,-0.146928,-0.011042,0.115632,-0.152703,-0.05573,0.242694,-0.118745,0.012597,0.062,-0.1035,0.089214,0.051445,-0.06465,0.015781,0.016593,0.001844,-0.015708,0.002372,0.004281,0.03712,-0.080442,0.034496,0.031708,0.032037,-0.033792,0.016222,0.016296,-0.040591,-0.010708,-0.075506,0.081532,0.02866,-0.002796,-0.016634,-0.077152,0.074894,0.036615,-0.278418,0.251004,0.054052,0.002468,-0.016019,-0.090856,-0.113215,0.213225,-0.041688,-0.218015,0.166312,0.088651,-0.041078,0.062642,-0.094977,0.037379,0.037873,-0.001647,-0.143391,-0.17154,0.250308,0.281481,-0.283123,-0.011593,-0.084261,0.114814,0.024854,-0.134875,0.058879,0.085669,0.028309,-0.033222,0.002985,-0.165158,0.109622,0.083168,,,,,,,,,,,,,,,,,,,,,,,,,,,,,,,,,,,,,,,,,,,,,,,,,,,,,,,,,,,,,,,,,,,,,,,,,,,,,,,,,
,,,,,,,,,,,58.86611767285846,65.63782858739641,60.377700428231975,,2.7052342290595583,3.862365147109885,2.675022477597537,4.139883843328668,,,,,-0.0841363641143289,0.3471075223494644,0.4071235513567899,-0.4772740855119082,,,,,,,,,,,,,,,,,,,,,,,,,,,,,,,,,,,,,,,,,,,,,,,,,,,,,,,,,,,,,,,0.048184,-0.075944,0.065108,-0.012686,-0.019538,0.000531,0.064782,-0.027848,-0.126215,0.133121,0.011202,-0.051971,0.006326,0.051658,-0.053652,0.032413,-0.014818,-0.001545,0.033827,-0.046542,0.020391,-0.003739,0.171033,-0.147182,-0.011066,0.115634,-0.152721,-0.055718,0.242735,-0.118744,0.012549,0.061981,-0.103473,0.089268,0.05129,-0.064572,0.015776,0.016526,0.001894,-0.015764,0.002336,0.004259,0.037139,-0.08044,0.034528,0.031692,0.032048,-0.033755,0.016217,0.016284,-0.040566,-0.010661,-0.075483,0.081508,0.028673,-0.002702,-0.016607,-0.077092,0.07484,0.036494,-0.278402,0.251017,0.054042,0.002486,-0.016153,-0.090877,-0.113204,0.213239,-0.041689,-0.218062,0.166292,0.088712,-0.041069,0.06263,-0.094979,0.037358,0.037874,-0.001668,-0.143419,-0.171582,0.25029,0.281466,-0.283116,-0.011588,-0.084356,0.114781,0.024942,-0.134897,0.058864,0.08566,0.028334,-0.033232,0.002971,-0.165164,0.109656,0.083155,,,,,,,,,,,,,,,,,,,,,,,,,,,,,,,,,,,,,,,,,,,,,,,,,,,,,,,,,,,,,,,,,,,,,,,,,,,,,,,,,
,,,,,,,,,,,58.86661966370385,65.72219077261836,60.37895000934392,,2.705125576183871,3.9549443933826263,2.6791129722763647,4.144381899296166,,,,,-0.08438898480625312,0.41686680583641333,0.41721636374757054,-0.48667231138233547,,,,,,,,,,,,,,,,,,,,,,,,,,,,,,,,,,,,,,,,,,,,,,,,,,,,,,,,,,,,,,,0.048295,-0.075737,0.065062,-0.012781,-0.019529,0.000649,0.064976,-0.0279,-0.126187,0.13312,0.011318,-0.051962,0.006285,0.051679,-0.053634,0.032391,-0.014808,-0.00169,0.033751,-0.046379,0.020483,-0.003602,0.171023,-0.147072,-0.011049,0.115614,-0.152723,-0.055707,0.242717,-0.118741,0.012519,0.061958,-0.103453,0.089377,0.051176,-0.064635,0.015824,0.016505,0.001857,-0.0157,0.002358,0.004294,0.037101,-0.080413,0.034513,0.031715,0.032069,-0.033798,0.016226,0.016283,-0.040639,-0.010691,-0.075428,0.081448,0.02869,-0.002666,-0.016646,-0.077129,0.074872,0.036563,-0.278443,0.250906,0.054099,0.002456,-0.016263,-0.090804,-0.113297,0.213183,-0.041731,-0.218138,0.166308,0.088695,-0.041073,0.062642,-0.094982,0.037347,0.037937,-0.001661,-0.143423,-0.171604,0.250472,0.281543,-0.28303,-0.011559,-0.084347,0.114774,0.024961,-0.134964,0.058897,0.08567,0.028342,-0.033175,0.002985,-0.165158,0.109681,0.08317,,,,,,,,,,,,,,,,,,,,,,,,,,,,,,,,,,,,,,,,,,,,,,,,,,,,,,,,,,,,,,,,,,,,,,,,,,,,,,,,,
,,,,,,,,,,,58.868012938557236,65.69798773624201,60.385799271436966,,2.706731050344998,3.965533650149193,2.6811644591151214,4.143806240252168,,,,,-0.08039844013046604,0.4605927896894144,0.4247627629384141,-0.4856390028412534,,,,,,,,,,,,,,,,,,,,,,,,,,,,,,,,,,,,,,,,,,,,,,,,,,,,,,,,,,,,,,,0.048155,-0.075833,0.065105,-0.012713,-0.019546,0.000703,0.065037,-0.027949,-0.126179,0.133119,0.011293,-0.051989,0.006347,0.051732,-0.053654,0.03232,-0.014868,-0.001491,0.033915,-0.046427,0.020485,-0.003685,0.170953,-0.147004,-0.011077,0.115615,-0.152683,-0.055673,0.242729,-0.118776,0.012503,0.061961,-0.103455,0.089317,0.051328,-0.0648,0.01582,0.016504,0.001778,-0.01546,0.002377,0.004247,0.037058,-0.080431,0.034537,0.031721,0.03209,-0.033809,0.01619,0.016218,-0.040627,-0.010767,-0.075395,0.081438,0.028656,-0.00263,-0.016675,-0.077135,0.074832,0.036537,-0.278434,0.250987,0.05409,0.002423,-0.015966,-0.090852,-0.113262,0.21322,-0.041663,-0.218226,0.1663,0.088786,-0.041067,0.062656,-0.094984,0.037373,0.037925,-0.001587,-0.143407,-0.171588,0.250586,0.281584,-0.282982,-0.011418,-0.084307,0.114699,0.02494,-0.134974,0.058876,0.085659,0.028385,-0.033221,0.002996,-0.165133,0.109645,0.083135,,,,,,,,,,,,,,,,,,,,,,,,,,,,,,,,,,,,,,,,,,,,,,,,,,,,,,,,,,,,,,,,,,,,,,,,,,,,,,,,,
,,,,,,,,,,,58.87118497617145,65.71329574369102,60.3957865026365,,2.7096689703791084,4.025798608038991,2.682886093208264,4.14430974733012,,,,,-0.07327358679935969,0.49094706348564543,0.4374219252350713,-0.4869005720665882,,,,,,,,,,,,,,,,,,,,,,,,,,,,,,,,,,,,,,,,,,,,,,,,,,,,,,,,,,,,,,,0.048255,-0.075949,0.065106,-0.012738,-0.019525,0.000727,0.065122,-0.027851,-0.126205,0.133056,0.011308,-0.051984,0.006418,0.051727,-0.053715,0.032375,-0.014848,-0.001575,0.03368,-0.046444,0.020524,-0.003724,0.171016,-0.147105,-0.011097,0.115634,-0.152712,-0.05567,0.242731,-0.118791,0.012512,0.061936,-0.10345,0.089413,0.051351,-0.064792,0.015766,0.016561,0.00179,-0.015377,0.002397,0.004264,0.037078,-0.080445,0.034543,0.031737,0.032061,-0.033785,0.016162,0.016239,-0.040655,-0.010702,-0.075375,0.081415,0.028639,-0.002744,-0.016661,-0.077169,0.074823,0.03655,-0.278327,0.251091,0.05404,0.002433,-0.016133,-0.090764,-0.11321,0.213204,-0.041653,-0.218156,0.166287,0.088761,-0.041081,0.062618,-0.094976,0.037367,0.037967,-0.001601,-0.143422,-0.171616,0.250338,0.281505,-0.283096,-0.011466,-0.084235,0.114677,0.024884,-0.134998,0.058845,0.085644,0.028354,-0.033245,0.002992,-0.165139,0.109618,0.083146,,,,,,,,,,,,,,,,,,,,,,,,,,,,,,,,,,,,,,,,,,,,,,,,,,,,,,,,,,,,,,,,,,,,,,,,,,,,,,,,,
,,,,,,,,,,,58.873367733395796,65.71752951351623,60.4010644380286,,2.7139221273009264,4.044881929909995,2.6866154962066653,4.149739063324181,,,,,-0.06257291838153378,0.49779874408710967,0.4451825304381032,-0.49798996448771504,,,,,,,,,,,,,,,,,,,,,,,,,,,,,,,,,,,,,,,,,,,,,,,,,,,,,,,,,,,,,,,0.04819,-0.075785,0.065085,-0.012749,-0.019459,0.000697,0.065042,-0.027827,-0.126167,0.133116,0.011222,-0.051964,0.006317,0.051649,-0.053631,0.032414,-0.014846,-0.001467,0.033863,-0.046333,0.020421,-0.0037,0.17099,-0.147242,-0.011141,0.115601,-0.152724,-0.055654,0.242744,-0.118819,0.012479,0.061923,-0.103435,0.089335,0.05119,-0.064644,0.015696,0.016647,0.001843,-0.015436,0.002365,0.004262,0.037066,-0.080432,0.034523,0.031746,0.032049,-0.033799,0.016166,0.016199,-0.040662,-0.010741,-0.0754,0.081531,0.028645,-0.002881,-0.016675,-0.077152,0.074812,0.036502,-0.278331,0.251066,0.054052,0.002458,-0.015974,-0.090777,-0.113234,0.213228,-0.041666,-0.218258,0.166319,0.088766,-0.041105,0.062565,-0.095021,0.037353,0.037998,-0.001571,-0.143417,-0.171618,0.250115,0.281446,-0.283167,-0.011523,-0.084166,0.114775,0.024856,-0.134894,0.058837,0.08561,0.028402,-0.033222,0.002985,-0.165128,0.109679,0.083134,,,,,,,,,,,,,,,,,,,,,,,,,,,,,,,,,,,,,,,,,,,,,,,,,,,,,,,,,,,,,,,,,,,,,,,,,,,,,,,,,
,,,,,,,,,,,58.875320374698056,65.67069175657355,60.40778587864359,,2.7164270006429865,4.049197270128526,2.6894809065815957,4.14789104889734,,,,,-0.05648008149381667,0.4101676553215725,0.4556760464053582,-0.4940337285154328,,,,,,,,,,,,,,,,,,,,,,,,,,,,,,,,,,,,,,,,,,,,,,,,,,,,,,,,,,,,,,,0.04824,-0.075894,0.065123,-0.012733,-0.019441,0.000437,0.064702,-0.028073,-0.126289,0.132985,0.011309,-0.052016,0.006311,0.05174,-0.05362,0.032379,-0.014932,-0.001391,0.033996,-0.046534,0.020447,-0.003559,0.170897,-0.147095,-0.011124,0.115587,-0.152684,-0.055611,0.242761,-0.118824,0.012449,0.061903,-0.103434,0.089362,0.051346,-0.0647,0.015697,0.016651,0.001875,-0.01562,0.00239,0.004245,0.037069,-0.080433,0.034515,0.031747,0.032072,-0.033786,0.016156,0.016198,-0.040697,-0.010719,-0.075223,0.081632,0.028565,-0.002673,-0.016598,-0.077168,0.074792,0.036542,-0.278276,0.250978,0.054111,0.002399,-0.015917,-0.090874,-0.113133,0.213331,-0.041625,-0.21815,0.166324,0.088655,-0.041126,0.062592,-0.095029,0.037326,0.038012,-0.001541,-0.143422,-0.171639,0.250281,0.281502,-0.283102,-0.01142,-0.084172,0.114837,0.024846,-0.134854,0.058843,0.085631,0.028376,-0.033257,0.002977,-0.165061,0.109657,0.083166,,,,,,,,,,,,,,,,,,,,,,,,,,,,,,,,,,,,,,,,,,,,,,,,,,,,,,,,,,,,,,,,,,,,,,,,,,,,,,,,,
,,,,,,,,,,,58.8788539596657,65.5995915501476,60.42143567954256,,2.7210001983528307,3.994286012286362,2.6941469397044817,4.147433170461521,,,,,-0.04569963176334113,0.27996883082893476,0.47335251490649455,-0.49189297133739274,,,,,,,,,,,,,,,,,,,,,,,,,,,,,,,,,,,,,,,,,,,,,,,,,,,,,,,,,,,,,,,0.048156,-0.075852,0.065083,-0.01268,-0.019505,0.000436,0.064727,-0.02801,-0.126272,0.133029,0.011257,-0.051877,0.006378,0.051767,-0.053644,0.032332,-0.014876,-0.001589,0.033792,-0.046498,0.020609,-0.003665,0.171039,-0.147327,-0.01113,0.115573,-0.152661,-0.055582,0.242769,-0.118843,0.01242,0.061888,-0.103429,,0.051238,-0.064812,0.015705,0.016581,0.00195,-0.015637,0.002375,0.004242,0.037058,-0.080412,0.03453,0.031724,0.032091,-0.033821,0.016139,0.016192,-0.04062,-0.010747,-0.075219,0.081557,0.028541,-0.002637,-0.016565,-0.077143,0.074837,0.036507,-0.2783,0.25103,0.054116,0.002348,-0.016269,-0.090837,-0.113157,0.213267,-0.041655,-0.21808,0.16632,0.0887,-0.041114,0.062553,-0.095048,0.037305,,-0.001554,-0.143412,,0.250263,0.281514,-0.283099,-0.011541,-0.084264,0.114863,0.024944,-0.134961,0.058821,0.085611,0.02831,-0.033241,0.002988,-0.165046,0.109711,0.083187,,,,,,,,,,,,,,,,,,,,,,,,,,,,,,,,,,,,,,,,,,,,,,,,,,,,,,,,,,,,,,,,,,,,,,,,,,,,,,,,,
,,,,,,,,,,,,65.43940338862537,60.434496601736804,,2.7271498156038034,3.913661536880197,2.698956723735742,4.132325674806545,,,,,-0.030943089314462213,-0.11692952642567889,0.2430913615694692,-0.49340084845709953,,,,,,,,,,,,,,,,,,,,,,,,,,,,,,,,,,,,,,,,,,,,,,,,,,,,,,,,,,,,,,,0.048411,-0.075765,0.065051,-0.012759,-0.019507,0.000676,0.065067,-0.027789,-0.126273,0.132999,0.01131,-0.051872,0.006408,0.051744,-0.053658,0.03234,-0.014831,-0.0017,0.033771,-0.046312,0.020483,-0.00361,0.170983,-0.14735,,0.115626,-0.152682,-0.05557,0.242762,-0.11885,0.012417,0.061968,,,,-0.0647,0.01569,0.016545,0.001904,-0.015488,0.002365,0.004215,0.037047,,0.034566,0.031748,0.032108,,0.016184,0.016154,-0.040731,-0.010659,,0.081509,0.028617,-0.002807,-0.016628,,0.074835,0.036518,-0.278266,0.251113,0.054079,0.002382,-0.016378,-0.090834,-0.113234,0.21321,,-0.218298,0.166364,0.088796,-0.04113,0.06255,-0.095063,0.037295,,-0.001527,,,0.250212,0.281479,-0.283121,-0.011496,-0.084269,0.114849,0.024961,-0.134927,0.05881,0.085613,0.028379,-0.033229,0.003039,-0.165041,0.109768,0.083201,,,,,,,,,,,,,,,,,,,,,,,,,,,,,,,,,,,,,,,,,,,,,,,,,,,,,,,,,,,,,,,,,,,,,,,,,,,,,,,,,
,,,,,,,,,,,,65.4446014827741,,,,3.672839964071465,,,,,,,,,,,,,,,,,,,,,,,,,,,,,,,,,,,,,,,,,,,,,,,,,,,,,,,,,,,,,,,,,,,,,,,,,0.048197,-0.07571,,,-0.019449,0.0006,0.064939,-0.027984,,,,,0.006347,0.051681,,,-0.014842,-0.001708,0.033718,-0.04629,,-0.003549,,-0.147286,,,-0.152656,-0.055577,,-0.11886,,0.061954,,,,-0.064782,0.015678,0.016607,0.001897,-0.015622,,0.004213,0.037021,,,0.03176,,,0.016176,,,-0.010858,,0.081605,0.02866,,,,0.074796,0.036488,-0.278283,0.251073,0.054135,0.002309,-0.016377,-0.090788,-0.113241,0.213195,,-0.218135,0.166359,0.088696,-0.041118,0.062561,-0.095084,0.037251,,-0.001568,,,0.250405,0.281548,,,-0.084225,0.114822,0.024931,-0.134967,0.05886,0.085632,0.028328,,,-0.165064,,0.083187,,,,,,,,,,,,,,,,,,,,,,,,,,,,,,,,,,,,,,,,,,,,,,,,,,,,,,,,,,,,,,,,,,,,,,,,,,,,,,,,,
,,,,,,,,,,,,,,,,,,,,,,,,,,,,,,,,,,,,,,,,,,,,,,,,,,,,,,,,,,,,,,,,,,,,,,,,,,,,,,,,,,,,,,,,,0.047991,-0.07598,,,,,,,,,,,0.00637,0.051745,,,,,,,,,,,,,-0.152697,,,-0.118861,,,,,,,,0.016574,0.001842,,,0.004233,0.03704,,,,,,0.016102,,,,,,,,,,,0.036547,-0.278309,,,,-0.016115,,,,,,0.166373,,-0.041097,0.062529,-0.095085,0.037238,,,,,,0.281523,,,-0.084238,0.114862,0.024954,,,0.085606,0.02833,,,,,0.08318,,,,,,,,,,,,,,,,,,,,,,,,,,,,,,,,,,,,,,,,,,,,,,,,,,,,,,,,,,,,,,,,,,,,,,,,,,,,,,,,,
,,,,,,,,,,,,,,,,,,,,,,,,,,,,,,,,,,,,,,,,,,,,,,,,,,,,,,,,,,,,,,,,,,,,,,,,,,,,,,,,,,,,,,,,,,,,,,,,,,,,,,,,,,,,,,,,,,,,,,,,,,,,,,0.016592,,,,,0.037061,,,,,,,,,,,,,,,,,,,,,,,,,,,,,,,0.062514,,,,,,,,,,,-0.084172,,,,,0.085608,,,,,,0.083209,,,,,,,,,,,,,,,,,,,,,,,,,,,,,,,,,,,,,,,,,,,,,,,,,,,,,,,,,,,,,,,,,,,,,,,,,,,,,,,,,
,,,,,,,,,,,,,,,,,,,,,,,,,,,,,,,,,,,,,,,,,,,,,,,,,,,,,,,,,,,,,,,,,,,,,,,,,,,,,,,,,,,,,,,,,,,,,,,,,,,,,,,,,,,,,,,,,,,,,,,,,,,,,,,,,,,0.037016,,,,,,,,,,,,,,,,,,,,,,,,,,,,,,,,,,,,,,,,,,,,,,,0.085621,,,,,,,,,,,,,,,,,,,,,,,,,,,,,,,,,,,,,,,,,,,,,,,,,,,,,,,,,,,,,,,,,,,,,,,,,,,,,,,,,,,,,,,
